0	GTEX-111FC	 0.009900000	-0.005000000	 0.030400000	 0.007600000	 0.034700000	-0.007257578	 0.020666013	 0.023585493	-0.048416398	-0.059009153	-0.027763629	-0.018015061	 0.033410721	 0.003132350	 0.006173731	-0.062791847	-0.017567925	-0.006363813	-0.132611558	 0.015494167	-0.028325278	-0.086948052	 0.096165255	 0.064582266	 0.033875056	-0.038859982	-0.027326189	-0.035160314	-0.027273539	 0.049780168	-0.058477998	 0.031779632	 0.031056963	 0.090053432	 0.001663550	 1.000000000	 1.000000000	 1.000000000
0	GTEX-1128S	 0.0145000000	-0.0093000000	 0.0327000000	 0.0056000000	 0.0510000000	-0.0334603637	-0.0002352838	-0.0935015082	-0.0377107635	 0.0366053991	-0.0332869701	-0.0070947246	-0.0173915438	-0.0714649782	-0.0238081273	 0.0405269749	 0.0138006844	 0.0417759717	 0.0182865225	-0.0241139457	-0.0625802502	-0.0433475263	-0.0623811185	 0.0710931346	 0.0096598463	 0.0947767422	 0.0033510313	-0.0447608083	-0.0042363126	-0.0482836142	-0.1081007645	 0.0406607911	-0.0906584114	 0.0096137002	 0.0297492649	 1.0000000000	 1.0000000000	 2.0000000000
0	GTEX-117XS	 0.013900000	-0.005600000	-0.009600000	-0.002200000	 0.017700000	 0.027441617	-0.002473985	 0.003594297	-0.054513779	-0.049856815	-0.005726526	-0.025223041	 0.041823447	-0.015445034	-0.005647461	-0.044445373	-0.007718608	 0.028301002	-0.002893618	-0.032501910	 0.009128518	 0.037295997	-0.003590502	-0.078282885	 0.056003045	 0.063601807	-0.005367852	 0.013427659	 0.015297155	-0.004064716	 0.067899838	-0.034549668	-0.036584239	-0.114011064	 0.055863924	 1.000000000	 1.000000000	 1.000000000
0	GTEX-1192X	 0.0138000000	-0.0056000000	 0.0067000000	 0.0275000000	-0.0057000000	-0.0002781803	 0.0191205908	-0.1029564962	-0.0042465487	-0.0112746516	 0.0984542593	-0.0260718260	-0.0055058077	 0.0514932796	-0.0675244778	-0.0881038904	 0.1401737630	 0.0870365575	-0.1223124638	-0.0393234715	 0.0756199807	-0.0405148566	 0.0540354960	 0.0049751210	-0.0710236803	 0.0801941007	 0.0309557803	 0.0152006391	-0.0410870090	 0.0286531541	 0.1414587796	-0.0764148086	 0.0015685072	-0.0049771965	-0.0182379521	 1.0000000000	 1.0000000000	 1.0000000000
0	GTEX-11DZ1	 0.014800000	-0.002200000	 0.022900000	 0.001800000	 0.042500000	-0.027249837	-0.044539407	-0.182049364	-0.025276028	-0.020050602	 0.016712202	 0.039072566	-0.016179169	 0.037956253	-0.018363031	-0.102912910	 0.061555043	-0.067685559	-0.062941201	-0.043743547	-0.006357891	 0.023632620	 0.032098535	-0.100088529	-0.053581845	-0.063420109	 0.036167193	-0.056105550	-0.058842484	-0.011688684	-0.002747216	-0.002279297	-0.082715780	-0.043803323	 0.067475632	 0.000000000	 1.000000000	 1.000000000
0	GTEX-11EI6	 0.014100000	-0.004000000	 0.016500000	-0.002500000	 0.036600000	-0.085832521	 0.016034182	-0.033763416	-0.025493141	 0.085546955	 0.044693243	-0.030681916	 0.027551338	 0.043190695	 0.021216834	-0.056328662	 0.048795696	-0.049261719	-0.065628402	-0.067924388	-0.030942287	 0.019562367	 0.011052735	-0.026833683	-0.102694973	 0.055334423	-0.001191236	 0.003831456	-0.022092097	 0.086036094	-0.064262219	-0.073964894	-0.020496670	-0.023640445	-0.002416148	 0.000000000	 1.000000000	 1.000000000
0	GTEX-11EMC	 0.014100000	-0.002500000	-0.003600000	 0.005300000	 0.006400000	-0.050026346	 0.020636024	 0.001482132	-0.009625254	-0.008925682	-0.030499734	-0.027809639	 0.019647608	 0.045000389	 0.171701342	-0.021323981	 0.085456766	 0.026520381	-0.045115262	 0.039536629	-0.004061882	-0.064041764	-0.064208791	 0.051458739	-0.009137534	 0.097878911	-0.022346184	 0.003759354	-0.019152699	 0.076062553	-0.020149453	-0.048151962	 0.003480159	 0.033545904	-0.066852108	 1.000000000	 1.000000000	 2.000000000
0	GTEX-11GSO	 1.420000e-02	-7.800000e-03	-2.100000e-03	-7.000000e-04	 1.510000e-02	 4.750171e-03	 2.619486e-03	-5.681349e-03	-4.375993e-02	-3.332686e-02	 2.816374e-02	-4.708349e-02	 2.624904e-04	-9.792710e-04	-1.944404e-02	-4.414153e-02	 1.962204e-02	 1.356691e-01	 1.023667e-01	-5.311272e-02	-1.228028e-01	-3.478464e-02	-9.268345e-03	-3.207690e-03	-6.274295e-02	 1.313127e-01	-6.675910e-03	 9.402620e-02	 2.260839e-02	 3.405241e-03	 1.484770e-02	 4.782083e-02	 1.983748e-02	-7.891556e-05	-3.951257e-03	 1.000000e+00	 1.000000e+00	 1.000000e+00
0	GTEX-11GSP	 1.470000e-02	-4.800000e-03	-6.000000e-04	 1.350000e-02	 2.900000e-03	-1.683516e-03	 1.481923e-02	-1.801099e-02	-6.014211e-05	-3.563606e-02	 3.151779e-02	 1.114940e-01	 6.021091e-02	 1.826312e-02	 8.550087e-02	 3.454688e-02	 1.392891e-02	 7.049297e-02	-1.446675e-02	-5.042198e-02	 8.708178e-02	 1.224747e-01	 2.451289e-02	-1.453578e-02	 1.555595e-01	 5.345793e-02	 3.563713e-02	-1.143018e-02	 6.571060e-02	 6.140381e-02	-1.087765e-02	 6.431356e-02	 9.003802e-02	-3.803907e-02	-6.521446e-02	 1.000000e+00	 1.000000e+00	 2.000000e+00
0	GTEX-11NUK	 0.013900000	-0.000600000	 0.006000000	 0.027500000	-0.020000000	 0.026575958	 0.036679734	 0.018306226	 0.012524847	-0.005737121	 0.050565861	 0.052286148	 0.033645518	-0.004934684	 0.055576984	-0.053942252	 0.017860662	-0.002072068	 0.031495061	-0.087578714	 0.048651621	 0.033766180	 0.043905806	 0.044454362	 0.051218554	 0.093237430	 0.053965300	 0.006192315	 0.023346312	-0.028009733	-0.058870625	 0.004475720	 0.001165045	 0.004249735	 0.032969080	 1.000000000	 1.000000000	 1.000000000
0	GTEX-11O72	 0.010500000	-0.003100000	-0.063800000	-0.003600000	 0.027300000	 0.020486383	 0.014546075	-0.086420797	 0.043840945	-0.004618085	-0.059601333	-0.099434301	 0.030384105	 0.100410625	 0.029485516	 0.034858521	-0.002119337	-0.072543539	 0.108468316	-0.028364787	-0.029017536	-0.005569221	 0.046192460	 0.036932055	-0.046056397	-0.136056125	 0.017792713	-0.046582535	 0.125639901	 0.026801204	 0.041099064	 0.139619663	-0.001950695	-0.022823017	 0.009621531	 0.000000000	 1.000000000	 1.000000000
0	GTEX-11ONC	 0.0145000000	-0.0098000000	 0.0155000000	 0.0054000000	 0.0258000000	-0.0335297398	 0.0362264886	 0.0110370740	 0.0001896126	-0.0193472169	-0.0297600254	 0.0298210178	-0.0210962743	-0.0274155531	 0.0450451225	 0.0650481731	 0.0077384706	 0.0137146516	-0.0527548864	-0.0316359885	 0.0782124698	 0.0400929376	-0.0323288813	-0.0259276032	 0.0771306232	 0.0759095922	 0.0641999543	-0.0461612307	-0.0204699431	 0.0168934278	 0.0505714417	-0.0424395986	-0.0393761173	-0.0737434328	 0.0620988645	 0.0000000000	 1.0000000000	 1.0000000000
0	GTEX-11TTK	 0.016100000	-0.000900000	 0.028700000	 0.009100000	-0.113600000	-0.056408439	-0.036476381	-0.014595492	 0.086393349	-0.046801943	 0.009837714	-0.082049601	-0.046295967	 0.049256176	 0.030776197	-0.059374195	-0.132373586	-0.030003266	-0.028576504	 0.003457898	-0.039025273	-0.012313458	 0.011851350	 0.026421295	 0.096833289	-0.017823162	 0.031546991	 0.042438306	 0.058094423	 0.021542972	 0.063441433	 0.057663448	-0.003447540	-0.055940069	 0.068283789	 1.000000000	 1.000000000	 2.000000000
0	GTEX-11ZTS	 0.0154000000	-0.0085000000	 0.0164000000	-0.0036000000	 0.0378000000	-0.0456614755	 0.0784558207	-0.0153390523	 0.0366370417	 0.0056159031	-0.0254050400	-0.0102286087	 0.0361002237	-0.0230520777	 0.0597013421	 0.0716097429	 0.0467669703	-0.1014856175	-0.0586356111	-0.0550591089	-0.0980700031	 0.0883086696	-0.0840723366	 0.0030395964	 0.0680316091	 0.0989115536	 0.0119772693	 0.0056294235	-0.1611961424	 0.0158368088	-0.0185404867	-0.0171799567	-0.0535492077	-0.0619652309	-0.0001362674	 1.0000000000	 1.0000000000	 2.0000000000
0	GTEX-11ZUS	 0.013500000	-0.003000000	-0.015400000	-0.003900000	 0.018400000	 0.030553129	 0.067562640	 0.025638137	 0.014152921	 0.024878656	-0.057023700	-0.061234038	 0.018947501	 0.046001952	-0.081840657	 0.020574763	-0.029105149	-0.023369895	 0.028624613	-0.025912035	-0.034660187	-0.101860844	 0.037458077	 0.017737821	 0.009674332	-0.043706335	-0.046749093	-0.147378772	 0.047707196	 0.019391719	-0.016962349	-0.027914230	-0.078913778	-0.003348985	-0.057312179	 1.000000000	 1.000000000	 1.000000000
0	GTEX-11ZVC	 0.0146000000	-0.0035000000	 0.0150000000	 0.0292000000	-0.1058000000	-0.0319568142	-0.0007978685	 0.0524448752	-0.0614552163	 0.0669316053	-0.0302845724	-0.0668362752	-0.0063199964	 0.0168294292	 0.0810252130	 0.0534445532	-0.0740714818	-0.0411818810	 0.0174789652	-0.0801664889	 0.0015950211	-0.1310070604	 0.0252637230	 0.0437443368	 0.0433076434	 0.0297448635	-0.0521744490	-0.0372227877	 0.0476627573	 0.1134671345	 0.1577270180	-0.0330261253	 0.0023316338	-0.0611373670	-0.0145717701	 1.0000000000	 1.0000000000	 2.0000000000
0	GTEX-1269C	 0.014500000	-0.006900000	 0.006200000	-0.012900000	 0.007600000	-0.097548895	-0.017637415	 0.044278517	-0.087612718	-0.011882191	 0.016501436	 0.047652867	 0.016430950	 0.005334004	 0.060856782	-0.088256285	-0.014147770	-0.075420149	-0.018467141	-0.075081594	 0.045232579	 0.006559509	 0.067911893	 0.036443371	 0.021712711	-0.085680038	-0.016824279	-0.049525417	-0.012042886	-0.024352932	-0.069928281	-0.001399490	-0.043827571	 0.148594096	 0.043708570	 0.000000000	 1.000000000	 2.000000000
0	GTEX-12WSE	 0.015000000	-0.007400000	 0.011100000	-0.000600000	 0.027200000	 0.085557505	 0.030499652	 0.015476190	-0.009839514	 0.032039449	 0.108790167	-0.012795847	-0.016207376	-0.023195507	 0.078100421	-0.030033527	 0.027009934	-0.056256201	 0.070178352	-0.081259176	 0.005955901	-0.012905764	-0.078014337	 0.054747645	 0.057596207	 0.006718426	-0.041508231	 0.056358047	 0.018615764	-0.062926240	-0.097971603	 0.114277713	 0.001158253	 0.093356051	 0.020723892	 1.000000000	 1.000000000	 1.000000000
0	GTEX-12WSH	 0.014000000	-0.002100000	-0.005800000	 0.001300000	 0.018400000	 0.029729038	-0.004037007	-0.140101641	-0.109829210	 0.004387571	 0.015891705	-0.016647803	 0.041111711	-0.126706034	 0.063320421	 0.091565408	-0.128762171	-0.026401415	 0.004514505	 0.015803844	 0.056495763	-0.096204929	-0.049711663	-0.081168808	-0.115955248	 0.059872769	 0.078322098	-0.068912290	 0.060304441	 0.020388136	-0.019303242	 0.042992402	 0.047685388	 0.103088416	 0.066839725	 1.000000000	 1.000000000	 1.000000000
0	GTEX-12WSM	 0.015800000	-0.005900000	 0.007900000	-0.009200000	 0.010200000	-0.035232410	 0.070910215	 0.015140798	 0.020678459	 0.033437334	-0.080058649	 0.013072084	-0.057567403	-0.017198766	 0.010557402	 0.079630055	 0.065498650	 0.036548339	-0.033340290	-0.054052629	 0.004342178	-0.028080195	 0.067059480	 0.131479248	-0.002063262	-0.016124593	-0.072983496	-0.048302028	 0.031617906	 0.040674090	-0.028666943	-0.005958975	 0.007751510	 0.113784343	 0.061724715	 1.000000000	 1.000000000	 1.000000000
0	GTEX-12ZZX	 0.0046000000	 0.0575000000	 0.0358000000	-0.1361000000	 0.0018000000	 0.0648755431	-0.0607590079	 0.0017620965	-0.0554360189	 0.0000730235	-0.0563294999	-0.0023010026	 0.0044414448	-0.0362697169	 0.0469365679	-0.0400698148	-0.0736154467	-0.0195050705	 0.0650220439	-0.0394382104	 0.0509038456	 0.0609902926	 0.0176638197	-0.0198103581	 0.0681696162	-0.0718620569	 0.0130472500	-0.0284365118	-0.1333933324	-0.0461715013	-0.0055466653	-0.0839821324	-0.0821855664	 0.0435802862	-0.1370367110	 1.0000000000	 1.0000000000	 2.0000000000
0	GTEX-12ZZY	 0.0139000000	-0.0029000000	-0.0092000000	 0.0108000000	-0.0455000000	 0.0267114211	 0.0537781157	-0.0325557031	-0.0073008016	-0.0122261662	-0.0578678362	-0.0001828445	 0.0022961153	 0.0066879978	 0.0002252297	 0.0054717571	-0.0640281290	 0.0921581239	 0.0182024855	-0.0044823117	 0.0555886291	-0.0011509662	 0.0385919213	-0.0269490778	 0.0253576227	 0.0308054443	 0.0706630796	-0.0593963675	-0.0705227703	 0.0016576385	-0.0662024170	-0.1125505418	 0.0176030304	-0.0725892112	 0.0055276765	 1.0000000000	 1.0000000000	 1.0000000000
0	GTEX-12ZZZ	 0.01470000	-0.00840000	 0.02090000	 0.00640000	 0.01210000	 0.01534338	 0.06575014	-0.02766331	-0.02237641	 0.03154343	 0.05858338	-0.01060819	 0.03473868	-0.01275263	-0.07133041	-0.03085044	-0.07080621	-0.02339289	-0.03625464	 0.02989376	-0.13813527	-0.05927951	-0.03709526	 0.03516500	-0.06266609	 0.09514020	-0.09995394	-0.01523966	 0.05884770	 0.03541400	 0.02540565	 0.06263011	-0.02092320	-0.03174241	 0.03620839	 1.00000000	 1.00000000	 1.00000000
0	GTEX-13112	 1.440000e-02	-4.600000e-03	 1.660000e-02	 9.700000e-03	 5.400000e-03	 7.506048e-03	 6.958661e-02	 2.773148e-03	-5.233067e-02	-5.483795e-02	 1.831486e-02	-1.505867e-02	-2.732231e-02	-4.314250e-02	 1.289607e-02	 2.291554e-02	 6.577570e-03	 4.813455e-03	 3.787558e-02	 2.922133e-02	-4.929284e-03	-1.584961e-02	 6.322733e-02	 8.350353e-02	 4.760075e-02	 7.650217e-02	-9.919275e-03	-4.663887e-02	 4.896407e-03	 2.666346e-02	-1.849801e-02	 1.321093e-01	 5.965944e-02	-1.417931e-02	 5.010515e-07	 1.000000e+00	 1.000000e+00	 1.000000e+00
0	GTEX-1313W	 0.0160000000	-0.0091000000	 0.0392000000	-0.0025000000	 0.0089000000	 0.0489712805	 0.0723102093	-0.0002107246	-0.0165472031	-0.0254809242	 0.0164832193	-0.0585196316	-0.0087650865	 0.0551125407	-0.0360239334	-0.0131801581	-0.0418796353	 0.0102222459	-0.0069079110	 0.0068022641	 0.0123961419	-0.0844095647	-0.0062197456	-0.0643531978	-0.0040088315	 0.0484045595	-0.0699919015	-0.0602228157	 0.0355269350	-0.0408368930	 0.0861274973	-0.0194835253	-0.0440542288	-0.0913373679	 0.0313839018	 1.0000000000	 1.0000000000	 2.0000000000
0	GTEX-131YS	 0.0141000000	-0.0062000000	-0.0143000000	 0.0085000000	 0.0079000000	 0.0085932426	 0.0711261705	 0.0035350667	 0.0049182558	-0.0004723699	-0.0776433274	 0.0128205679	 0.0236145817	 0.0326800458	-0.0181538686	 0.0484406054	-0.0547563098	-0.0620730333	-0.0325622857	-0.0006869779	 0.1003125906	-0.0665425435	 0.0781738088	 0.0670179650	 0.1009454131	 0.0525300987	 0.0529056862	-0.1086123958	-0.0855686367	-0.0277620275	 0.0482273437	-0.1152155325	 0.0073964810	-0.1109616682	-0.0393551476	 1.0000000000	 1.0000000000	 2.0000000000
0	GTEX-132Q8	 0.014100000	-0.003100000	 0.001900000	 0.027800000	-0.125000000	-0.037828583	-0.089578256	-0.085297540	 0.134530470	-0.049397066	 0.049006127	-0.026546821	 0.014872400	 0.004365187	-0.059543237	-0.082669511	-0.020522928	-0.022239042	-0.024408098	 0.017178275	-0.028490661	-0.036235373	 0.180455625	 0.064774193	 0.076730162	 0.106511399	-0.059645012	-0.035311561	 0.042913482	-0.060537368	-0.089469753	-0.049955789	-0.031405263	 0.060612548	 0.022689495	 1.000000000	 1.000000000	 1.000000000
0	GTEX-1399T	 0.0157000000	-0.0042000000	 0.0144000000	-0.0209000000	 0.0068000000	 0.0149730826	 0.0478914008	 0.0350742936	 0.0024916350	 0.0003504701	 0.0358024873	 0.0203516707	-0.0257069170	 0.0303180050	 0.0389803611	-0.0621527210	-0.0204817839	-0.0542948581	 0.0003158010	-0.0695455447	 0.0379301906	-0.0408103317	 0.0511765108	-0.0173850153	 0.0466841497	-0.0191370323	-0.0523278192	-0.0172813628	 0.0896144584	 0.0532308519	 0.1195648536	 0.0655864477	-0.0077808513	-0.0802606866	-0.0304936245	 0.0000000000	 1.0000000000	 1.0000000000
0	GTEX-139TS	 0.0143000000	-0.0061000000	 0.0148000000	-0.0076000000	 0.0393000000	 0.0053675044	-0.0055438159	-0.0008245194	-0.0249578785	-0.0003473751	-0.0214778744	 0.0072516990	 0.0259696841	-0.0125005683	 0.0726015717	-0.0267719608	 0.0038954029	 0.0092506576	 0.0139069008	 0.0407943241	 0.0552289076	 0.0619508773	 0.0857573450	 0.0020202561	-0.0739475638	 0.0638750643	 0.0570762418	 0.0037298214	 0.0950420871	 0.0501018353	-0.0787470117	-0.0108496491	 0.0670615509	 0.0826119706	 0.0159849599	 0.0000000000	 1.0000000000	 1.0000000000
0	GTEX-139TT	 0.0149000000	-0.0113000000	 0.0133000000	-0.0006000000	 0.0325000000	 0.0126433019	 0.0178621877	 0.0319670811	-0.0407886542	-0.0831192359	 0.0064745313	 0.0304690581	 0.0042274031	 0.0216279272	 0.0113014244	-0.0660466254	-0.0402568541	 0.0163147673	-0.0846411064	-0.0042114495	-0.0324956551	-0.0162325948	 0.0274468306	 0.0005438886	-0.0463522822	 0.0038255830	-0.0408861674	-0.0350858457	 0.0812898874	 0.0515427925	-0.0207528304	-0.0031490563	 0.0069872010	 0.0195087232	-0.0408709422	 1.0000000000	 1.0000000000	 1.0000000000
0	GTEX-13CF2	 0.0137000000	 0.0018000000	 0.0017000000	-0.0108000000	 0.0101000000	-0.0106100924	 0.0169498827	 0.0357470028	 0.0060916524	 0.0916034505	-0.0279833283	-0.0596708655	-0.0150936982	-0.0428500213	 0.0428252928	 0.0606877059	-0.0026645139	 0.0011243901	-0.0633585602	 0.0289652478	 0.1086030826	 0.0009858938	 0.0418681800	-0.0128376121	 0.0402135625	-0.0218416080	 0.0177365765	 0.0091269985	-0.0959715545	 0.1029795557	-0.0447163768	 0.0042992346	 0.0688781589	-0.0576639697	-0.0057459101	 1.0000000000	 1.0000000000	 1.0000000000
0	GTEX-13FHO	 0.014200000	-0.006200000	-0.018200000	-0.006700000	 0.023900000	-0.026040349	 0.020000121	 0.019292230	 0.127567634	-0.064221129	-0.030238187	-0.070452236	-0.014840505	 0.028707389	 0.087342821	-0.006427976	-0.078880064	 0.037274122	-0.027994825	-0.031594682	 0.001561319	-0.035306506	-0.069210082	-0.015717944	-0.123139970	 0.090165749	 0.061142951	 0.035645053	-0.083375357	-0.048902601	 0.122674815	 0.086250819	 0.118855804	 0.087679900	-0.120349690	 1.000000000	 1.000000000	 1.000000000
0	GTEX-13G51	 0.013600000	-0.000700000	-0.005500000	-0.016000000	 0.023900000	 0.004329388	 0.102076150	 0.012387569	 0.058957964	-0.021693492	-0.078583583	-0.002988320	-0.038094696	-0.017418047	-0.021603530	-0.052612677	-0.032463998	-0.012341744	-0.073849395	-0.025678055	 0.039517347	 0.005922805	 0.049781114	 0.051910613	-0.004035913	-0.030537836	-0.014723021	-0.100289822	-0.051427919	 0.106147572	-0.004855602	 0.045213927	 0.077051282	 0.042407215	-0.085683994	 1.000000000	 1.000000000	 1.000000000
0	GTEX-13JVG	 0.0156000000	-0.0054000000	 0.0228000000	-0.0094000000	 0.0259000000	-0.0125697702	-0.0003990908	-0.0397768095	 0.0405111723	 0.0073484406	-0.0594705604	 0.1254757196	 0.1751044095	 0.0593733415	 0.0968955830	 0.0359937213	-0.0073811039	 0.0613124371	-0.0743462741	-0.0712840036	-0.0532160178	 0.0649718121	-0.0310595762	-0.0335770585	 0.0534153543	-0.0324519463	-0.0466477498	-0.0146024572	-0.0607648566	 0.0150095597	 0.0103166867	-0.0174961034	-0.1349549443	 0.0545809567	-0.1122825742	 1.0000000000	 1.0000000000	 1.0000000000
0	GTEX-13N2G	 0.014600000	-0.006900000	 0.014400000	-0.010700000	 0.019000000	-0.027791025	 0.016482836	-0.023950746	-0.031082870	-0.016490052	-0.041069753	 0.049243875	-0.101292022	-0.015947806	-0.043403916	-0.001100382	 0.035573389	 0.022543201	 0.067390084	-0.119430296	 0.003369496	 0.031194797	-0.007972584	 0.062160287	-0.022366019	-0.068114974	 0.021066984	 0.053355392	 0.054176174	 0.012366844	 0.074076906	 0.019518260	 0.014876369	-0.011115431	 0.018829865	 1.000000000	 1.000000000	 1.000000000
0	GTEX-13O3O	 0.014300000	-0.003300000	-0.023100000	 0.002000000	-0.012400000	 0.018805072	 0.002853513	 0.037513260	 0.068112254	-0.065077066	 0.076142378	 0.076661207	 0.118069082	-0.123012446	 0.035411160	-0.002150398	-0.014368421	 0.003724729	 0.050883915	-0.034428935	-0.041408785	-0.032278247	 0.006399749	 0.145832539	-0.023601389	-0.072851531	 0.008239650	-0.031975687	 0.019658750	 0.088872455	 0.006660165	 0.074579209	-0.136536986	-0.116394244	-0.021433502	 1.000000000	 1.000000000	 2.000000000
0	GTEX-13O3Q	 0.015200000	-0.002900000	 0.021700000	 0.016100000	 0.004000000	 0.016446581	 0.045381345	-0.025129244	 0.022752065	 0.025819708	-0.061103441	 0.042819019	-0.036867812	 0.008939865	-0.023969542	 0.006367722	 0.036666863	-0.001194703	-0.023853328	-0.076907821	 0.040040590	-0.047891296	 0.080716729	 0.079027504	 0.017928928	-0.048215780	-0.002657140	 0.043607499	 0.050077233	 0.027579017	 0.022846194	-0.031896204	-0.016289398	 0.118192352	-0.032920133	 1.000000000	 1.000000000	 1.000000000
0	GTEX-13OVH	 0.0153000000	-0.0043000000	 0.0261000000	 0.0185000000	-0.0032000000	-0.0036546648	 0.0053429911	-0.0493274108	-0.0070891930	-0.0109520229	-0.0378761142	-0.0235368963	-0.0859340429	-0.0649402142	 0.0675867349	 0.0521002673	 0.0448528752	 0.0056430590	-0.0502127744	-0.0910776705	 0.0138622243	-0.0427639820	-0.0170561727	 0.0723900348	-0.0004829536	-0.0089178700	-0.0022095167	-0.0716745630	 0.0157523323	 0.0492653996	 0.0358754024	-0.0614923760	-0.0262269154	 0.0234467853	-0.0169402659	 1.0000000000	 1.0000000000	 1.0000000000
0	GTEX-13OVJ	 0.013200000	-0.003200000	 0.006000000	 0.000100000	 0.026300000	-0.052841581	-0.005704914	 0.002472404	 0.039583739	-0.038783692	-0.086711518	 0.169826165	 0.201572299	 0.143968880	-0.010406802	 0.034735363	-0.045551669	 0.124519214	-0.037353124	-0.046321273	 0.124400437	-0.149503976	-0.097389765	-0.033226561	 0.097988494	-0.051936287	 0.068653628	 0.045007512	-0.022634940	-0.066969745	 0.124111973	 0.038770702	 0.037418291	 0.099655025	-0.048201285	 1.000000000	 1.000000000	 2.000000000
0	GTEX-13OVL	 0.0152000000	-0.0073000000	 0.0241000000	 0.0048000000	 0.0292000000	-0.0172211565	 0.0429261141	 0.0514559224	 0.0006537707	-0.0474997535	-0.0247723237	 0.0061135227	 0.0023360932	-0.0059144930	 0.0128937997	-0.0370571986	 0.0319096558	 0.0391187705	 0.0304154344	-0.0930529982	 0.0422999077	 0.0007477354	 0.0445909426	 0.0350580476	 0.0614235923	 0.0483176224	 0.0369129293	-0.0026549166	 0.0390176661	 0.0252844486	 0.0252462216	-0.0149865728	 0.0290374104	 0.0318806879	 0.0042440607	 1.0000000000	 1.0000000000	 1.0000000000
0	GTEX-13OW5	 0.0140000000	-0.0058000000	 0.0108000000	 0.0006000000	 0.0185000000	-0.0374174155	 0.0109639587	-0.0909184068	-0.0232813768	-0.0795800537	-0.0163057633	-0.0793670565	-0.0103486953	 0.0861141309	 0.0175338276	 0.0315759927	 0.0955788419	-0.0750898272	 0.0783774182	-0.0742011666	-0.1034387425	 0.0142020583	-0.1002156809	 0.0087792315	-0.0354225747	-0.0432621911	 0.0979663730	 0.0266930852	 0.0060641910	 0.0199763235	 0.1051048115	 0.0656105056	 0.0008299436	-0.1086399481	-0.0216885433	 1.0000000000	 1.0000000000	 1.0000000000
0	GTEX-13OW6	 0.015700000	-0.006800000	 0.010200000	-0.014300000	 0.010900000	-0.003687085	 0.011548057	 0.006337468	 0.018158555	 0.029556751	-0.043607444	 0.019014683	 0.061539032	 0.001954886	-0.052460715	-0.041395970	 0.035134740	 0.115583800	 0.047165401	-0.094324574	 0.038156468	 0.071665555	 0.041615963	 0.061217695	-0.004790495	 0.087347046	 0.109508105	 0.120018512	-0.044430349	-0.011978251	-0.052314442	 0.003392886	-0.064511836	-0.025052335	 0.050114263	 1.000000000	 1.000000000	 1.000000000
0	GTEX-13OW7	 0.015000000	-0.004000000	 0.025500000	 0.007300000	 0.034000000	-0.019255502	 0.098335013	-0.006199225	 0.030515464	 0.029777491	-0.024603190	 0.049730305	 0.061178897	-0.011394245	 0.002119367	 0.012434224	-0.007084390	 0.019979520	 0.052150220	 0.023998873	 0.094549850	 0.095685683	 0.042277589	-0.028651232	 0.030722484	 0.081651084	 0.001481563	-0.004930035	 0.079522878	-0.049458019	-0.038404115	-0.039110534	-0.108547449	-0.052395135	 0.003463459	 1.000000000	 1.000000000	 1.000000000
0	GTEX-13OW8	 0.014000000	-0.004800000	 0.000400000	 0.006700000	 0.008000000	-0.003924292	-0.021996003	 0.016589370	 0.070450559	 0.036330137	-0.008449322	-0.041774534	 0.066991784	 0.036187544	 0.039425310	 0.036688529	-0.029645626	-0.017483205	 0.041460551	-0.005272286	-0.076426297	 0.101133324	-0.050928764	-0.063759319	 0.041092943	 0.028466487	-0.007579014	-0.022600792	 0.059431843	-0.008450311	-0.139653832	-0.023185801	 0.066152051	-0.081969716	 0.125396222	 1.000000000	 1.000000000	 1.000000000
0	GTEX-13PVQ	 0.003200000	 0.018800000	-0.158300000	 0.005800000	-0.019900000	-0.044659305	-0.004477964	-0.039271422	 0.026824370	 0.089317419	-0.030975891	 0.083490379	 0.279431581	 0.019764151	-0.100320689	-0.014053313	-0.030187827	-0.018041737	-0.015862089	-0.063036084	-0.019500919	-0.055207875	-0.077901989	-0.071252994	 0.168947458	 0.077055842	 0.043300319	-0.024108637	 0.077196255	-0.043179490	 0.044964653	 0.032704346	 0.085774459	-0.073120408	 0.015824433	 1.000000000	 1.000000000	 1.000000000
0	GTEX-13QIC	 0.0121000000	 0.0019000000	-0.0615000000	 0.0200000000	-0.0630000000	 0.0390552208	-0.0001925652	 0.0044688461	 0.0162084959	 0.0247346908	 0.0163877923	 0.0567629933	-0.0293770991	 0.0300926231	 0.0917103663	-0.0765759721	-0.0273614414	-0.0106163938	-0.0341335535	-0.0681819394	 0.0444578044	-0.0022314321	-0.0601888560	-0.0235485211	 0.0393172093	-0.0701926276	-0.0631508082	 0.0601883531	 0.0618206486	-0.0082394443	 0.0202626884	-0.0155024622	-0.0658569559	-0.0782904923	 0.0020358847	 1.0000000000	 1.0000000000	 2.0000000000
0	GTEX-13RTJ	 0.014400000	-0.000900000	 0.016700000	 0.011900000	-0.025500000	-0.033321340	 0.054298881	-0.019227311	 0.090545312	 0.018167185	-0.041755829	-0.005080707	-0.040878061	 0.036335051	-0.010877314	 0.035412926	 0.060625192	 0.035212237	 0.066302389	 0.026377700	-0.044559266	-0.065268315	-0.051037557	 0.081343755	 0.015310835	 0.061313607	-0.104991615	 0.056356221	 0.055995319	-0.074802972	-0.001118393	 0.021738315	-0.019353738	-0.088961579	-0.007829601	 1.000000000	 1.000000000	 1.000000000
0	GTEX-13S7M	 0.014700000	-0.000400000	 0.039800000	 0.034700000	-0.129700000	 0.050782818	-0.004622022	-0.032951809	 0.035080422	 0.080014452	 0.003782037	 0.045571294	-0.019231580	 0.003025859	 0.044959456	-0.005546390	 0.014148712	 0.011462855	 0.026408104	-0.075976543	-0.090308115	-0.065777242	 0.015389526	 0.099739410	 0.063402191	 0.055418748	 0.077567816	-0.027995592	 0.050074212	-0.090276040	-0.119832598	-0.121619619	 0.022445023	-0.017772531	 0.131817818	 1.000000000	 1.000000000	 2.000000000
0	GTEX-13VXU	 0.014800000	-0.006200000	-0.000700000	 0.015400000	 0.016900000	 0.051270347	 0.039038274	-0.011221811	-0.030855427	-0.026132518	 0.021768631	-0.014007594	 0.013086925	-0.017164160	 0.020537585	-0.002034217	-0.045007758	-0.084422588	-0.017007494	-0.001721792	-0.050784249	 0.012257142	-0.086796813	 0.017329458	-0.021299705	 0.064790994	-0.049643960	 0.065984055	-0.019500690	-0.090326719	 0.032921672	 0.009066179	-0.075683057	-0.060664434	 0.063992843	 1.000000000	 1.000000000	 1.000000000
0	GTEX-13X6I	 0.015100000	-0.004700000	 0.026700000	-0.003000000	 0.032700000	-0.008409791	-0.070438415	-0.034318086	 0.030051671	-0.008859802	 0.013592158	-0.044738952	-0.053697880	 0.059164394	-0.004208497	-0.054768883	 0.112397835	 0.043138526	-0.022488939	-0.057215359	-0.060088053	-0.025081191	 0.047558319	 0.033191256	 0.067357704	-0.108402818	 0.019107865	 0.013600300	 0.045093980	 0.022620887	-0.030963613	 0.017958669	 0.048241097	-0.142841354	 0.007840933	 1.000000000	 1.000000000	 1.000000000
0	GTEX-13X6J	 0.010300000	-0.001300000	-0.080500000	-0.012500000	-0.010900000	 0.083335757	-0.088795155	 0.062296789	-0.028230779	 0.040539481	-0.039813649	-0.046285402	 0.061313748	 0.018237829	-0.062931217	 0.006393931	-0.007880577	-0.044613365	 0.037392344	-0.022718327	-0.074199013	-0.059310414	 0.030424906	-0.020740565	 0.041643668	 0.017930565	 0.062673762	-0.057634044	 0.001517251	 0.005745654	-0.011369843	-0.080861382	 0.049665697	-0.016713653	 0.009088083	 1.000000000	 1.000000000	 1.000000000
0	GTEX-13X6K	 0.014300000	-0.007700000	 0.006300000	-0.003200000	 0.021700000	-0.005128698	-0.017204417	 0.071746029	 0.045359958	-0.020221407	-0.069161281	 0.017103687	-0.051971700	 0.082717195	 0.109968714	 0.045542691	-0.077347569	 0.034278039	 0.077851020	-0.054567035	 0.032437928	-0.052629750	-0.050535999	-0.096253119	-0.123830155	 0.056820080	 0.057235375	-0.081947878	 0.054563612	 0.035313424	 0.004958393	-0.054170933	-0.010648135	-0.023452740	 0.016863480	 1.000000000	 1.000000000	 2.000000000
0	GTEX-144GL	 0.015100000	-0.002600000	 0.019100000	-0.016400000	 0.014300000	-0.033979852	 0.018661238	 0.046131250	-0.069816105	-0.035250355	-0.056092035	-0.063651405	-0.026218925	-0.090046398	 0.034909859	-0.027822640	-0.041963644	-0.027575091	 0.014461717	-0.001320072	 0.025741093	-0.014814026	-0.044710744	-0.050055705	 0.031788137	 0.008070898	 0.002507224	-0.023979979	 0.038554545	 0.001283169	 0.086731441	-0.055647314	 0.074901074	-0.009180635	 0.074922606	 0.000000000	 1.000000000	 1.000000000
0	GTEX-145LU	 0.0146000000	 0.0002000000	 0.0235000000	 0.0347000000	-0.0950000000	 0.0249855090	-0.0073340707	-0.0097685400	-0.0005167704	 0.0697513148	 0.0191326998	-0.0637744665	 0.0493901260	 0.0294656344	 0.0867594853	 0.0184043515	 0.1611794233	-0.0937359333	 0.0246227235	-0.0514722019	 0.0137668839	-0.0196087435	-0.0470081642	 0.0517555848	-0.0159625951	 0.0178773664	-0.0220858641	 0.1247278228	-0.0801567435	-0.0292015597	-0.0271728560	-0.0299431775	-0.0847677514	-0.0652324781	-0.0101551209	 0.0000000000	 1.0000000000	 1.0000000000
0	GTEX-145MF	 0.0145000000	-0.0106000000	-0.0005000000	 0.0170000000	 0.0242000000	 0.0192751791	 0.0480525531	 0.0167903826	-0.0413473882	-0.0967737362	-0.0441945046	 0.0108163506	-0.0230086967	 0.0281384494	 0.0393973440	-0.0497119352	-0.0267744083	-0.0005962141	-0.0279751681	 0.0279979277	-0.0051737721	-0.0199856516	 0.0220610965	 0.0168169085	 0.0028397846	-0.0094538229	 0.0060354592	 0.0011164823	 0.0188051760	 0.0493828580	-0.0009374591	-0.0982277244	 0.0772095621	 0.1102290601	 0.0285879858	 1.0000000000	 1.0000000000	 1.0000000000
0	GTEX-145MH	 0.0132000000	-0.0022000000	-0.0169000000	 0.0217000000	-0.0099000000	 0.0918830112	-0.0166632198	 0.0068296487	-0.0719759464	-0.0137150558	 0.0560832843	-0.0473531336	 0.0023402756	 0.0357313417	 0.0280224774	-0.0209597871	-0.0001322207	 0.0883972719	 0.0295586996	 0.0189172160	-0.0239254218	-0.0709911361	 0.0622822642	 0.0402517132	-0.0255057402	 0.0203888062	-0.0341486968	-0.0200642627	 0.0291689876	 0.0060686255	 0.0109191090	 0.0211760998	 0.0127976919	 0.0137352040	-0.0061523318	 1.0000000000	 1.0000000000	 1.0000000000
0	GTEX-147F4	 0.007700000	 0.002500000	-0.171500000	 0.012000000	-0.022100000	 0.006053278	-0.014727619	 0.038371805	 0.043325897	 0.053689692	 0.092878729	-0.054126617	 0.017954448	-0.015783684	 0.062889144	-0.068568155	-0.007083367	-0.069407247	 0.012055635	-0.036042314	 0.043956555	-0.014292084	-0.037648197	-0.100870788	-0.086257748	 0.044197571	 0.069365285	 0.012810784	 0.039239727	-0.049231932	-0.108383946	 0.049186826	 0.022611788	-0.040441968	 0.048758365	 1.000000000	 1.000000000	 1.000000000
0	GTEX-147GR	 0.0142000000	-0.0039000000	-0.0217000000	 0.0023000000	-0.0117000000	-0.0005850953	 0.0043156627	-0.0234894082	-0.0747025684	 0.0274488349	-0.0711981058	 0.0179218985	 0.0003986060	-0.0402412042	 0.0674252063	 0.0233178642	-0.0431616567	 0.0105515178	 0.0270001218	 0.0430647582	-0.0164294206	-0.1188508272	-0.0587436967	-0.0030412732	 0.0692115426	-0.0835706294	-0.0204517823	 0.1038738862	-0.0317835957	-0.0002575754	-0.0099643283	 0.0042477977	 0.0336933807	-0.0033863455	-0.0662407950	 1.0000000000	 1.0000000000	 1.0000000000
0	GTEX-14ABY	 0.014600000	-0.005600000	 0.003300000	-0.000100000	 0.007500000	 0.035997253	 0.046835557	 0.007173853	 0.035906833	 0.003905842	 0.040062290	 0.029855903	-0.025099728	-0.027572071	-0.030973174	-0.059854150	-0.060999181	-0.105976656	-0.048835810	 0.011374880	-0.034882620	-0.004063610	-0.026843457	 0.037116982	-0.023929402	-0.029774737	 0.021733094	 0.014921871	-0.036931757	-0.079124615	 0.081959903	 0.035750225	-0.022572102	 0.078818522	-0.030158676	 1.000000000	 1.000000000	 1.000000000
0	GTEX-14BIM	 0.015000000	-0.004900000	 0.025000000	-0.003000000	 0.013200000	-0.001775550	-0.034308612	-0.094381064	 0.015987111	 0.018249644	-0.001087020	-0.080287404	-0.042923059	 0.107707493	 0.028048847	-0.053299136	-0.046554916	-0.019678045	-0.028062930	-0.083458170	-0.036571559	-0.003906720	 0.024638636	-0.005876915	 0.016784096	-0.090436548	 0.020969028	-0.053012166	 0.047502894	-0.041622773	 0.021173231	 0.012440123	-0.018382253	-0.041170526	 0.133397251	 1.000000000	 1.000000000	 2.000000000
0	GTEX-14BIN	 0.0110000000	-0.0057000000	-0.0585000000	 0.0047000000	 0.0094000000	 0.0310966335	-0.0087750619	-0.0002864431	 0.0070651774	 0.0771427453	-0.0236220360	 0.0241366327	 0.0067682313	-0.0138891032	 0.0582931638	-0.0053558010	 0.0087464126	-0.0017402885	-0.0165585950	-0.0570132174	 0.0257611144	-0.0227208156	 0.1167794392	 0.0591355488	 0.0036080943	-0.0425220802	 0.0154462634	 0.0572112091	-0.0450435430	-0.0130245052	-0.0202547889	-0.0323063061	 0.0140578328	 0.0230210535	 0.0003254649	 1.0000000000	 1.0000000000	 2.0000000000
0	GTEX-14BMV	 0.014500000	-0.006700000	 0.009800000	 0.003100000	 0.020700000	-0.013256778	 0.012672641	 0.032725189	-0.014776680	-0.041169059	-0.013297889	 0.022837602	 0.034177709	-0.009378980	-0.011015834	-0.050025415	-0.042726949	-0.009664565	-0.022401994	-0.002464049	-0.055048436	 0.042295955	 0.064272560	 0.024750525	-0.048883677	 0.056822803	 0.045946501	 0.033080321	 0.108992048	-0.014334287	-0.071329087	 0.013778633	-0.062990397	-0.005119454	 0.056471087	 1.000000000	 1.000000000	 1.000000000
0	GTEX-14C39	 0.014500000	-0.006700000	 0.017800000	 0.015200000	 0.020500000	-0.039131660	-0.017525656	 0.042390447	 0.008001291	-0.012938718	-0.052205637	 0.017868891	-0.029268388	-0.062069181	 0.082990326	 0.033884495	 0.032980315	 0.003281330	-0.029502425	-0.009672329	-0.051278722	-0.176789835	-0.086733326	 0.014420244	-0.014584563	-0.041868139	-0.112306178	 0.096285425	 0.034852173	-0.138408363	-0.035065718	-0.004075733	-0.086015172	 0.021038320	-0.039231166	 1.000000000	 1.000000000	 1.000000000
0	GTEX-14C5O	 0.013500000	-0.004500000	-0.012900000	 0.003900000	 0.017300000	-0.025636060	-0.089985885	-0.086327545	 0.123734742	-0.122611165	 0.031955797	-0.152316287	 0.059261639	-0.082110792	 0.004880044	-0.024603480	-0.093905024	-0.070936725	 0.145461887	 0.068392329	 0.014178911	-0.022221848	 0.126658782	 0.058778644	 0.134821847	 0.070244826	-0.069473341	 0.104560509	 0.073001459	 0.090186171	 0.092826381	-0.105190620	-0.157509178	-0.034197737	 0.115495995	 1.000000000	 1.000000000	 1.000000000
0	GTEX-14DAQ	 0.01450000	-0.00100000	 0.03970000	 0.02610000	-0.13410000	 0.03533172	-0.01534967	 0.03943089	-0.04443745	-0.07135356	-0.03784195	-0.02273447	-0.01348536	 0.01669819	 0.10336924	-0.01981957	 0.04175060	-0.02291683	 0.03462458	 0.02686269	-0.00862902	-0.04995288	-0.04380759	-0.09108077	 0.03736663	-0.02210573	 0.01368624	 0.12150776	-0.09583906	-0.04418140	-0.10017789	-0.01114377	 0.01211310	-0.09741736	-0.02005956	 1.00000000	 1.00000000	 2.00000000
0	GTEX-14E6D	 0.013800000	-0.004600000	-0.006500000	-0.001700000	 0.010400000	-0.008319820	 0.071548082	 0.008115326	 0.012175053	 0.076573364	 0.052064247	-0.001666957	-0.019274253	-0.040161751	 0.009486557	-0.020580811	-0.016090002	-0.032615237	 0.074807085	 0.004781402	-0.055657338	-0.050115950	-0.021351418	 0.087288074	-0.057652846	 0.040824663	-0.027549770	-0.010195425	 0.053526774	-0.016765920	 0.047169611	-0.023616869	 0.036735613	 0.008106418	-0.044846907	 1.000000000	 1.000000000	 1.000000000
0	GTEX-14E7W	 0.0147000000	-0.0053000000	 0.0120000000	 0.0134000000	 0.0122000000	-0.0001730676	 0.0267810225	 0.0360928215	 0.0009831006	-0.0024123979	-0.0383572094	 0.0210900269	 0.0434739590	-0.0025203584	-0.0101081869	-0.0163677521	-0.0160608590	 0.0505552888	 0.0406157300	 0.0371616445	-0.0430746935	-0.0420112796	-0.0096902773	-0.0150575032	 0.0545440987	 0.0325487070	 0.0178980380	-0.0067505445	 0.0997419283	 0.0400330462	-0.0815254450	-0.0234824270	 0.0631259754	-0.0759491846	-0.0041616866	 1.0000000000	 1.0000000000	 1.0000000000
0	GTEX-14JFF	 0.007100000	 0.001600000	-0.128100000	 0.001100000	 0.002800000	-0.010124356	 0.005972940	 0.023540117	 0.005551834	 0.107571490	-0.018717721	-0.017036278	 0.004923067	-0.059149615	 0.107994728	-0.045130987	-0.083784938	 0.043886371	 0.008300617	 0.013815402	-0.021277517	-0.038468279	 0.008904533	-0.030722842	-0.051448639	-0.027451526	 0.007282272	-0.045462914	 0.028245511	 0.040356446	 0.042117689	-0.120030649	 0.049765546	-0.009972543	 0.010655526	 0.000000000	 1.000000000	 1.000000000
0	GTEX-14JG1	 1.510000e-02	-4.500000e-03	 2.240000e-02	-2.500000e-03	 1.490000e-02	 2.734942e-02	 1.011853e-02	 6.317121e-02	-1.078920e-02	-6.511763e-02	-5.378649e-02	-1.234219e-02	 1.083534e-02	-3.863822e-02	 4.134990e-02	-3.197561e-02	-5.421198e-03	-2.461592e-02	 1.618346e-02	 2.625157e-02	 4.341125e-02	 1.736829e-02	 1.094840e-02	-2.435117e-02	 4.065776e-02	-3.341110e-02	 2.892635e-02	 8.972179e-03	 6.294931e-02	-7.132230e-02	-1.875279e-05	-1.123616e-02	-3.991527e-02	-4.160491e-02	 1.254306e-02	 1.000000e+00	 1.000000e+00	 1.000000e+00
0	GTEX-14JIY	 0.0147000000	-0.0039000000	 0.0111000000	 0.0045000000	 0.0062000000	 0.0401416123	 0.0366941318	-0.0139738182	-0.0237193722	-0.0038163958	-0.0083285468	-0.0150061939	 0.0433865637	-0.0009298003	 0.0218383428	-0.0053030183	-0.0083780093	 0.0761676729	-0.0565180518	 0.0814647526	 0.0563956127	-0.0814632550	 0.0337868370	 0.0051368074	 0.0154259270	 0.0121454746	-0.0811866373	 0.0069209994	 0.1132496670	-0.0169902649	 0.0683492571	-0.0241139214	 0.0198494848	-0.1632330865	-0.0758430585	 1.0000000000	 1.0000000000	 1.0000000000
0	GTEX-14PJM	 0.0145000000	-0.0009000000	 0.0290000000	 0.0245000000	-0.1005000000	 0.0200276896	 0.0139811793	 0.0497991778	 0.0007540836	-0.0253121965	-0.0452257618	 0.0692157969	-0.0235212594	-0.0444298722	 0.0229966380	-0.0025499966	 0.0412201025	-0.0916409940	 0.0453595966	-0.0185070112	 0.0112372711	-0.0108071594	-0.0304558575	 0.0259266756	 0.0649089813	-0.0542685017	 0.0535086505	-0.0046532131	 0.0580853149	-0.0447629318	 0.0145330802	-0.0841681138	-0.0271270275	-0.0243205465	-0.0262440313	 1.0000000000	 1.0000000000	 2.0000000000
0	GTEX-14PJO	 0.0151000000	-0.0019000000	 0.0296000000	 0.0357000000	-0.1706000000	-0.1056796312	-0.0671938136	 0.1066779271	-0.0284017958	-0.0128691178	 0.0011823580	 0.0408054516	-0.0262142625	 0.0074826325	 0.0018923758	-0.0484095924	 0.0105113434	 0.1710792035	 0.1117339358	 0.0037339462	 0.0047992496	-0.0425611138	-0.0193438884	 0.0300791766	 0.0741231814	 0.0091821281	-0.0843354613	-0.0294505954	 0.0908340663	-0.0725239143	-0.0497780219	-0.0006600625	 0.0115798898	 0.0348201320	-0.0136299469	 1.0000000000	 1.0000000000	 1.0000000000
0	GTEX-14PN4	 0.01460000	-0.00490000	-0.00150000	 0.00570000	-0.00350000	 0.02209596	 0.01845407	-0.01495451	 0.08874258	-0.03608983	 0.01174753	 0.05838326	 0.01205542	-0.00728373	-0.14451981	-0.02817886	 0.07009415	 0.05503293	-0.06501808	-0.01340626	-0.05846795	-0.04821524	 0.08872208	 0.06483140	-0.08465181	 0.01427896	-0.01991693	 0.02398739	 0.13832185	-0.08375238	-0.03724328	-0.04210320	 0.03734870	 0.03078231	-0.13817194	 1.00000000	 1.00000000	 1.00000000
0	GTEX-15DYW	 0.0147000000	-0.0053000000	 0.0256000000	 0.0193000000	-0.0834000000	-0.0305800792	-0.0054075238	 0.0666358098	-0.0471198931	-0.0778565779	-0.0423695184	-0.1072055772	 0.0002936707	 0.0664920434	 0.0194831342	 0.1007487178	 0.0580163151	 0.0183373503	-0.1170694083	 0.0535798334	-0.0598917156	-0.0313773304	 0.0495884866	 0.0132810818	 0.0266412236	 0.0399953909	 0.0576157346	-0.0682395697	-0.0811238214	 0.0008489329	-0.0895802826	 0.0670453236	-0.0773346797	-0.1155176014	 0.0409014262	 1.0000000000	 1.0000000000	 2.0000000000
0	GTEX-15EO6	 0.014800000	-0.004200000	 0.002000000	 0.002500000	-0.021400000	 0.070460774	-0.042514648	-0.022353236	 0.054064199	 0.019112121	 0.022935709	 0.070987053	-0.085217759	 0.017325006	 0.054586895	-0.037585385	-0.024814842	 0.075438008	-0.044494707	 0.007022727	 0.023211190	-0.023588238	-0.003668702	-0.030807931	-0.050810259	 0.019323695	 0.052289847	-0.044812985	-0.005673458	-0.058319841	 0.042528514	-0.085298814	 0.050953183	-0.032376368	 0.001847927	 1.000000000	 1.000000000	 1.000000000
0	GTEX-15ER7	 0.014600000	-0.003100000	-0.007900000	 0.010300000	 0.027900000	 0.006046414	 0.045818586	 0.024474269	-0.064064629	-0.086139761	-0.018181603	 0.005552095	-0.046347920	-0.061044909	 0.030163195	 0.028684564	 0.029918635	-0.020530436	-0.019146789	 0.032390069	 0.015438001	 0.027051991	 0.046616249	-0.082485452	-0.032603510	-0.003785702	-0.101322189	 0.003222595	 0.108820334	-0.096709296	 0.057425514	 0.023725847	-0.075019926	-0.036160748	-0.002933955	 1.000000000	 1.000000000	 2.000000000
0	GTEX-15G19	 0.0151000000	-0.0056000000	 0.0170000000	-0.0031000000	 0.0134000000	-0.0009462606	-0.0351909362	-0.1034125462	-0.0888485536	 0.0028863167	-0.0772855654	 0.0279178768	-0.0422200710	 0.0092565231	 0.0320854485	 0.0861817002	-0.0678731948	-0.0022635791	 0.0575247109	-0.0292732026	-0.0652500317	-0.1475732177	 0.0546593741	-0.0834203511	-0.0488845780	-0.0162487663	 0.0133598773	 0.0037741598	 0.1480589360	-0.0075904587	-0.0292379539	 0.0605325960	-0.0233811177	 0.0371580347	-0.0486026555	 1.0000000000	 1.0000000000	 1.0000000000
0	GTEX-15SHU	 0.007700000	-0.004600000	 0.003800000	-0.009700000	-0.006100000	-0.013085733	-0.004700657	 0.054108262	-0.031811617	-0.079850577	-0.008801693	 0.050481774	 0.013940705	 0.084063627	-0.028815128	-0.064651489	-0.049598783	 0.033915032	-0.126969457	-0.008597941	-0.130305305	-0.016917001	 0.046030592	 0.080458790	-0.111522101	-0.040040307	 0.051390238	-0.074848413	 0.021324009	-0.054473892	-0.131467134	 0.130276948	-0.115432709	 0.079733767	-0.083635993	 1.000000000	 1.000000000	 2.000000000
0	GTEX-16XZZ	 0.014700000	-0.006600000	 0.007700000	-0.001300000	 0.002900000	-0.113562591	-0.042886741	-0.003209982	 0.012096415	-0.085365556	 0.086020142	 0.021924857	 0.130486742	-0.087140307	 0.053724565	 0.040729620	 0.102186099	 0.095335208	 0.080828145	 0.127078399	 0.089611992	 0.031251989	-0.027031533	 0.257670850	-0.135064960	-0.192373812	-0.103250220	-0.127653942	-0.067793660	-0.106261000	 0.153362975	-0.102257818	 0.088976622	-0.010313142	 0.206019178	 1.000000000	 1.000000000	 1.000000000
0	GTEX-16YQH	 0.012800000	-0.001600000	-0.018000000	-0.021500000	-0.001100000	 0.017100614	 0.047049627	-0.004315638	 0.068495043	-0.019162631	-0.056046814	-0.105665281	 0.060743429	 0.032166820	-0.101750374	-0.011600688	 0.099851459	-0.112032436	 0.076046214	-0.019571252	 0.016588634	 0.020998541	-0.053986955	-0.113255069	-0.035585336	-0.183887661	-0.107138343	-0.173608363	-0.005957758	-0.117505923	 0.024213340	-0.150247827	 0.004481128	 0.011657399	-0.016441382	 1.000000000	 1.000000000	 1.000000000
0	GTEX-17EVP	 0.016100000	-0.008400000	 0.013600000	-0.000800000	 0.047800000	 0.070894606	 0.008183315	 0.023244960	 0.026383879	-0.025060710	-0.021609437	 0.043353878	-0.043711547	 0.012161389	-0.030153656	-0.064595200	 0.014916722	-0.054021411	 0.024734132	-0.011564249	-0.015451895	 0.020638023	-0.093103513	 0.001888565	-0.008037359	-0.082145102	 0.013479513	-0.026848223	 0.098633491	-0.030183582	-0.009114844	-0.014820215	-0.045224320	 0.026389185	 0.066081315	 1.000000000	 1.000000000	 1.000000000
0	GTEX-17EVQ	 0.0156000000	-0.0051000000	 0.0147000000	-0.0068000000	 0.0299000000	 0.0283143856	-0.0207329113	-0.0210982505	 0.0570067689	 0.0818966478	-0.0311330855	 0.0992500111	-0.0185875650	-0.0266750604	 0.0246477779	-0.0899886787	 0.0025656472	-0.0485449247	 0.0207999349	-0.0325399600	-0.0776533782	-0.0281704962	-0.0352839977	 0.0064436668	-0.0362175591	-0.0578631610	 0.0285644159	-0.0711135790	 0.0434011221	 0.0096185980	 0.0007287806	-0.0961444229	 0.0454458520	-0.0023272298	 0.0218222253	 1.0000000000	 1.0000000000	 1.0000000000
0	GTEX-17F97	 0.0165000000	-0.0076000000	 0.0170000000	 0.0012000000	 0.0207000000	 0.0181688741	-0.0009162669	-0.0569130182	 0.0238833446	-0.0294917990	-0.0760927349	 0.0077288714	-0.0332109705	 0.1026539952	 0.0153763508	-0.0198265240	 0.0293923933	-0.0213428028	-0.0481327586	 0.0484014601	-0.0108599532	 0.0405520350	-0.0143751185	-0.0276568346	-0.0980772451	-0.0446851924	-0.0645657927	 0.0351523273	 0.0492827073	 0.0267873816	 0.0177045241	 0.0522316694	 0.0581876151	-0.0580624565	-0.0838804841	 1.0000000000	 1.0000000000	 1.0000000000
0	GTEX-17HHY	 0.014900000	-0.007500000	 0.022800000	-0.006200000	 0.039400000	 0.018515395	 0.001460099	 0.028099228	-0.015179902	-0.015077634	-0.059025455	 0.031262521	 0.040434074	-0.004732111	-0.015195561	-0.051354371	-0.009558588	-0.094363891	 0.042895675	 0.006785681	 0.009825509	 0.021675779	 0.010290548	 0.038674384	 0.051284019	 0.038875397	 0.054947644	 0.012960446	 0.005410201	-0.014477722	 0.013330512	-0.045746926	 0.006439662	 0.064736158	 0.095267259	 1.000000000	 1.000000000	 1.000000000
0	GTEX-17HII	 0.013200000	-0.008000000	-0.005200000	-0.002700000	 0.007900000	-0.028401116	 0.040680122	 0.008540804	 0.028395073	-0.020406073	-0.061750416	-0.019383030	-0.010710502	 0.008812104	 0.078001149	 0.098544694	 0.065168172	-0.103289917	-0.036869884	 0.056687411	-0.121571504	 0.050097376	-0.153746694	 0.003641585	 0.005266945	 0.030968765	-0.086738475	-0.013361468	-0.042561308	 0.054760594	-0.135490879	-0.078018583	 0.043655016	 0.104959324	-0.012348888	 1.000000000	 1.000000000	 1.000000000
0	GTEX-17JCI	 0.014500000	-0.005700000	 0.009900000	 0.002200000	 0.020800000	-0.004204932	 0.024530157	 0.013150727	 0.004432405	 0.004002387	 0.017954426	 0.084073409	 0.038722504	 0.012193936	 0.027516017	-0.145445034	-0.022708576	-0.082950845	 0.085580103	-0.003263523	-0.014890783	 0.061272021	-0.049470134	-0.049598265	 0.095991895	-0.001263550	 0.021944992	 0.083793201	 0.019493712	-0.015879780	 0.017397715	 0.037138976	-0.017302956	-0.073249951	-0.040266000	 1.000000000	 1.000000000	 2.000000000
0	GTEX-183WM	 0.008300000	 0.010100000	-0.104600000	 0.026600000	-0.016300000	-0.022526691	-0.059094895	-0.080726765	-0.025263675	 0.104259782	 0.008547619	 0.005712444	-0.122061856	 0.014394962	-0.014457856	 0.093738459	-0.047881201	 0.006378663	-0.041855857	 0.059854578	-0.074008822	 0.003862348	 0.088654846	-0.124129757	-0.011643909	-0.086527683	 0.011200247	 0.042753067	-0.032954153	 0.051549915	 0.042534977	 0.133747369	-0.113732763	-0.020457745	-0.029934824	 1.000000000	 1.000000000	 2.000000000
0	GTEX-18465	 0.014900000	-0.006800000	 0.002700000	-0.000900000	 0.031900000	 0.035080779	-0.006413078	 0.028951870	-0.050494105	-0.002519811	 0.006228112	-0.062390938	-0.011344003	-0.092046790	 0.028001461	 0.046664111	-0.014391855	 0.017303267	-0.006420713	 0.039865039	-0.038727328	-0.069602445	 0.012378330	 0.083854854	 0.100762531	-0.009573113	 0.041129418	-0.023517508	-0.055199835	-0.027746458	-0.048083477	 0.086907253	 0.024747925	-0.022111172	 0.009178355	 0.000000000	 1.000000000	 1.000000000
0	GTEX-18A6Q	 0.011000000	-0.001000000	-0.071600000	-0.001800000	 0.003300000	-0.035294872	-0.004192814	 0.063781925	-0.040261392	 0.012621966	-0.019202877	 0.025070174	-0.018967427	-0.005242395	-0.100411765	 0.052978266	 0.057843875	 0.069889024	 0.078415953	 0.112998903	 0.011661708	 0.099916078	 0.107092194	-0.066400543	 0.077459447	-0.035766523	 0.103933446	 0.033506792	-0.021512123	 0.018898206	 0.078893341	 0.008886635	-0.021732414	 0.064765245	-0.027608480	 0.000000000	 1.000000000	 1.000000000
0	GTEX-1A3MX	 0.013900000	-0.008400000	 0.018800000	-0.000900000	 0.030700000	-0.022500016	 0.041687109	-0.053942174	 0.064007498	-0.077647731	-0.047084518	 0.024594251	-0.016702561	-0.030099839	-0.049145807	-0.060009044	 0.096171297	-0.047480088	-0.152852893	 0.067798436	-0.065940194	 0.051010855	-0.047748819	 0.031028483	-0.082312942	 0.032266211	 0.110745147	-0.053658120	-0.018998567	-0.088764094	 0.007227870	 0.029204600	-0.002249590	 0.043860897	-0.003255491	 1.000000000	 1.000000000	 1.000000000
0	GTEX-1A8G6	 0.015000000	-0.003900000	 0.002700000	 0.015900000	 0.021400000	 0.014294708	-0.019894518	 0.028551508	-0.000617300	 0.074148551	-0.071806461	 0.046987984	 0.026312478	-0.084523417	 0.009058826	 0.003050930	 0.005903557	-0.021849440	-0.078101821	 0.182090163	-0.014664490	 0.061045498	 0.005680457	-0.046236441	-0.057085406	-0.041932330	-0.038178541	 0.080546230	 0.051879436	 0.108863324	-0.056766946	 0.010766745	-0.034562498	-0.007014960	 0.150567397	 1.000000000	 1.000000000	 1.000000000
0	GTEX-1A8G7	 0.013400000	-0.008100000	-0.019000000	 0.005500000	 0.014300000	-0.075721949	-0.033358742	-0.023666164	-0.054829270	 0.090728007	 0.005672987	 0.066484205	 0.026974438	-0.045876715	 0.010872078	-0.099677466	-0.022437969	 0.037509859	-0.025425376	 0.029607439	 0.002687618	 0.072600789	-0.062392283	-0.018496921	-0.079227552	-0.064389132	 0.041675799	 0.091742516	-0.014252019	 0.092315353	-0.068176739	-0.151845455	 0.049414698	 0.026926566	 0.027203910	 1.000000000	 1.000000000	 1.000000000
0	GTEX-1B8L1	 0.015500000	-0.005200000	 0.014500000	-0.005200000	 0.023300000	 0.030602910	 0.065686397	 0.024476878	 0.025649931	 0.004075339	 0.042731553	-0.009192287	-0.058615722	 0.009522550	-0.031498462	 0.009367985	-0.034616731	-0.029959301	 0.002511977	-0.003320307	 0.019384829	 0.000828938	 0.064110726	 0.072505414	-0.028687799	 0.021360906	 0.038024895	-0.072177634	-0.008597903	 0.011692687	 0.011033611	-0.005661597	-0.029707180	-0.010241935	-0.057751510	 1.000000000	 1.000000000	 1.000000000
0	GTEX-1B8SF	 0.0143000000	-0.0021000000	-0.0018000000	-0.0032000000	-0.0453000000	 0.0627707317	-0.0165685713	 0.0207742378	-0.0062313699	 0.0368002057	 0.0139659783	-0.0384678952	 0.0168922544	-0.0192206614	 0.0281661544	 0.0426854454	 0.0691824853	-0.0626809448	-0.0571088083	 0.1179865450	-0.0092299441	-0.0206046794	 0.0031833395	-0.0114280889	 0.0070903553	-0.0003979649	 0.0036792429	 0.0586638004	 0.0037737363	 0.0879549086	-0.0849114880	-0.0011725156	 0.0469861254	 0.0253211372	 0.0680006072	 1.0000000000	 1.0000000000	 1.0000000000
0	GTEX-1B8SG	 0.014800000	-0.003500000	 0.010800000	 0.011700000	-0.040600000	 0.005464163	 0.022033107	-0.003755755	 0.045436829	 0.065682918	 0.079147652	 0.072568998	 0.107076406	 0.101054743	-0.078884006	-0.093910336	 0.087657347	-0.056804925	-0.119439140	 0.116900951	 0.114553325	-0.061200906	-0.183725223	-0.093872391	 0.078146458	-0.102178253	-0.018147584	 0.049024232	 0.102832258	 0.134101540	 0.108908877	 0.171620876	 0.095728785	 0.060614072	 0.071726575	 1.000000000	 1.000000000	 1.000000000
0	GTEX-1B933	 0.014600000	-0.008500000	-0.019700000	 0.002500000	 0.001700000	 0.073202811	-0.014241107	 0.016555522	-0.023909334	-0.035184711	-0.056114573	-0.020397879	 0.018650671	 0.092982672	-0.021470098	-0.021170611	 0.009700985	 0.105565488	-0.018343853	 0.140809447	-0.005185833	-0.039564241	-0.012873120	-0.016696142	-0.009580614	-0.037012186	 0.015782462	 0.069197476	-0.047953267	 0.018067712	 0.017498571	-0.044895869	-0.085659973	-0.052067563	 0.104801819	 1.000000000	 1.000000000	 2.000000000
0	GTEX-1B996	 0.01540000	-0.00310000	 0.02070000	 0.00060000	-0.00130000	-0.03882113	 0.01568314	 0.06584589	 0.08066632	-0.09689405	 0.08721169	 0.18770659	 0.06177270	-0.07591807	-0.06218686	 0.09648904	 0.10429824	-0.06369027	 0.14454539	-0.10008255	-0.06603792	-0.30706996	 0.06972267	-0.24217717	-0.13658343	-0.08887055	-0.01878229	 0.03165568	-0.07474388	 0.20523694	-0.10063607	-0.06081852	-0.18826406	-0.04940040	 0.03345951	 1.00000000	 1.00000000	 1.00000000
0	GTEX-1BAJH	 0.013800000	-0.005000000	 0.011500000	 0.003600000	 0.029100000	-0.083398283	 0.003447244	 0.071395494	-0.074497722	 0.014156908	 0.017777927	-0.006978604	 0.021846708	 0.049024075	-0.162806019	-0.029425135	-0.056501787	 0.091413766	 0.178270653	 0.022708159	-0.109391920	 0.059193790	-0.070361972	-0.071982890	 0.017648758	 0.040912617	 0.053653300	 0.026682060	-0.106658764	-0.059541620	 0.059628252	-0.060578175	-0.039364927	 0.109016687	-0.063125744	 1.000000000	 1.000000000	 1.000000000
0	GTEX-1C64N	 0.014400000	-0.005300000	-0.012400000	 0.010700000	 0.011400000	-0.006773970	 0.074038029	-0.024181884	 0.007870934	-0.007788935	-0.051629167	 0.020692719	 0.025692284	-0.092654631	 0.024157338	-0.069952287	-0.023498384	-0.108694926	-0.007730548	 0.070714399	-0.020315312	 0.010553204	-0.051915042	-0.045527767	-0.004011116	 0.072332077	 0.010888346	 0.018509991	 0.020205760	 0.009493195	 0.015842039	-0.027836148	 0.038347542	 0.030503260	 0.036191478	 1.000000000	 1.000000000	 1.000000000
0	GTEX-1C6VR	 0.0075000000	 0.0028000000	-0.1649000000	 0.0141000000	-0.0279000000	-0.0370894894	 0.0574507229	-0.0069382777	-0.0108440444	 0.0775388181	-0.0183182713	 0.0196395516	-0.0005769344	-0.0655258819	 0.0001122388	 0.0092127873	-0.0226924531	 0.0395740457	 0.0638058335	 0.0702568963	 0.0024826818	 0.0342525840	 0.0424863845	 0.0053900708	 0.0065535367	 0.0145993978	 0.0371994786	-0.0525204837	 0.0633274987	 0.0334046036	 0.0057976064	 0.0360221006	 0.0253117904	 0.0299235191	-0.0737785324	 1.0000000000	 1.0000000000	 1.0000000000
0	GTEX-1C6WA	 0.0145000000	-0.0122000000	 0.0246000000	-0.0082000000	 0.0301000000	 0.0660301447	 0.0474283770	-0.0324473232	-0.0931039527	-0.0004192659	 0.1591011733	-0.0135046383	 0.0160382614	 0.1534950286	-0.0213874876	 0.1339051425	 0.0300680418	 0.1312599629	 0.0134306019	 0.0128435837	 0.0450817272	-0.0810105130	 0.0029935949	-0.0925466940	 0.0720515922	 0.0201152172	 0.0092779277	-0.0524355136	-0.0090708900	 0.0336028300	-0.0456162989	-0.1231680512	 0.0483477488	 0.0464549735	 0.1227128655	 1.0000000000	 1.0000000000	 1.0000000000
0	GTEX-1CB4G	 0.014300000	-0.000100000	 0.023300000	 0.027400000	-0.071200000	-0.003647418	 0.037463266	 0.028353319	-0.028022293	-0.026156580	-0.013591401	-0.025400914	-0.045032088	-0.016282320	-0.070127569	 0.088957205	 0.011530363	-0.019621409	-0.035963383	 0.048125792	 0.009028333	 0.006816752	 0.050860617	-0.078935914	 0.083561607	 0.026720757	 0.077657849	-0.084066175	-0.003264625	 0.034613818	 0.079344511	-0.042607557	-0.043729138	 0.097703777	-0.026613187	 0.000000000	 1.000000000	 1.000000000
0	GTEX-1CB4H	 0.0148000000	-0.0016000000	 0.0167000000	 0.0118000000	 0.0048000000	-0.0406353064	-0.0988973156	-0.0287351981	 0.0708716437	 0.0446942598	-0.0476443097	-0.0185566675	-0.0127442861	 0.0612585060	 0.0268219654	-0.0148420818	-0.0236120466	-0.0610984042	 0.0040917960	 0.0150393685	-0.0472340919	-0.0124038588	 0.0769776627	 0.0153219383	 0.0005873041	-0.0785998181	 0.0100541869	 0.1016628146	 0.0182139855	 0.0686029792	-0.0488584228	 0.0279220399	 0.0082479119	 0.0064753187	 0.0546118356	 1.0000000000	 1.0000000000	 2.0000000000
0	GTEX-1E1VI	 0.014800000	-0.005300000	 0.028200000	 0.006200000	 0.033200000	-0.075677745	 0.044745039	-0.014435323	-0.053939324	 0.038098492	 0.094156459	-0.015002381	 0.135837182	 0.066670053	 0.062157936	-0.050494675	 0.006011273	-0.016781667	-0.087757520	 0.059443820	-0.101922616	 0.057022240	 0.027085101	-0.031177057	-0.063955851	 0.082109176	 0.010234066	-0.059516143	-0.025348419	-0.092803128	-0.061380733	-0.072751589	-0.140590265	-0.012271474	-0.109113179	 1.000000000	 1.000000000	 1.000000000
0	GTEX-1E2YA	 0.014300000	-0.006500000	 0.008700000	 0.014500000	-0.007300000	-0.103736199	 0.021207929	 0.064040817	 0.033077136	 0.066848382	 0.050080821	 0.059895318	 0.012168013	 0.005568048	-0.053589623	-0.042619351	 0.041956816	-0.004742534	 0.047285855	 0.168179408	-0.068303533	 0.019771593	 0.037646774	-0.018362675	 0.003666181	 0.027509850	 0.074640870	 0.055262387	 0.058428347	-0.037819110	 0.040369663	-0.084760897	-0.042195894	 0.186791837	 0.013282774	 0.000000000	 1.000000000	 1.000000000
0	GTEX-1EH9U	 0.013900000	-0.002200000	 0.010300000	 0.001200000	 0.036100000	-0.170647040	 0.010202204	 0.068263911	-0.013761656	-0.033006933	 0.046100754	-0.003898580	-0.026459815	 0.101979636	 0.063947953	-0.041050866	 0.068806514	 0.027879735	 0.021158323	 0.076777726	 0.085939184	 0.011535659	 0.006239764	 0.063511558	-0.015881807	-0.039165888	-0.013250526	-0.123231791	 0.002515276	-0.027716203	-0.092003331	-0.048064750	 0.092460744	 0.076180078	 0.016682960	 1.000000000	 1.000000000	 1.000000000
0	GTEX-1EKGG	 0.015700000	-0.005700000	 0.005500000	-0.002300000	 0.019700000	 0.010412209	 0.045744315	 0.027932366	 0.055733565	 0.051236775	-0.013416190	 0.050607860	-0.008203936	-0.053813089	-0.087867655	 0.037989985	 0.018593082	-0.019140854	 0.060132653	 0.013307168	 0.014726765	 0.130389109	 0.004935857	-0.018644396	 0.042872716	 0.037971966	 0.083228350	 0.095079258	-0.002141732	-0.014707312	 0.038592655	 0.062037483	-0.093283340	-0.033854142	 0.034996670	 0.000000000	 1.000000000	 1.000000000
0	GTEX-1EU9M	 0.014800000	-0.004000000	 0.021200000	 0.001000000	 0.046700000	 0.038046882	 0.011952647	-0.005318826	 0.003827628	-0.033873219	-0.033790510	 0.034148663	 0.027613791	-0.012329134	 0.051806059	-0.048373185	 0.014564038	-0.014727461	-0.048583243	 0.137915775	-0.048832323	 0.031230776	 0.016797896	-0.065101996	-0.011997135	-0.009375192	 0.073069699	 0.084232338	 0.016744077	 0.008777269	-0.011581821	-0.004894861	 0.034066658	 0.007508802	-0.004631658	 1.000000000	 1.000000000	 1.000000000
0	GTEX-1EWIQ	 0.014300000	-0.004500000	-0.018300000	-0.003800000	 0.000600000	-0.080426998	-0.005972427	 0.064143434	-0.075357765	 0.056435645	 0.011277216	-0.035969242	 0.049941178	-0.025313582	 0.001863808	-0.054149684	-0.036631241	-0.087254107	 0.047254082	 0.086545214	-0.124446824	-0.042464882	-0.022988593	 0.009052089	 0.031346925	-0.008725980	-0.009059188	 0.013832437	 0.009498860	-0.054425929	 0.045011353	-0.023405628	-0.074834801	 0.003669393	-0.055233356	 1.000000000	 1.000000000	 2.000000000
0	GTEX-1EX96	 0.0118000000	-0.0047000000	-0.0821000000	 0.0024000000	 0.0018000000	 0.0251280237	 0.0053017214	-0.0008437106	 0.0096633555	 0.0278980192	 0.0208310168	-0.0118127158	 0.0315569118	-0.0390760079	 0.0657110065	 0.0133247795	-0.1546722800	-0.0176623445	 0.0617962405	-0.0059730252	-0.0902851969	 0.0567403361	-0.0457751676	 0.0075260596	-0.0324816108	-0.0861140564	 0.0203914363	-0.0394497588	-0.0687213540	-0.0135846520	 0.1239589602	 0.0376435667	 0.0050710225	-0.0855103880	-0.0447481312	 1.0000000000	 1.0000000000	 1.0000000000
0	GTEX-1F48J	 1.230000e-02	-1.400000e-03	-4.800000e-02	-1.400000e-03	-4.000000e-03	-3.653395e-02	 2.351769e-03	 1.395280e-02	 9.476408e-03	-4.441133e-02	 3.131919e-02	 1.006568e-01	-1.597779e-01	 1.321170e-01	 1.163131e-02	 4.426790e-02	-4.205734e-02	 3.572172e-02	 9.944078e-02	 9.133055e-03	-4.063656e-02	 5.355752e-02	 3.824103e-04	-5.387407e-02	-2.110749e-05	-1.209437e-02	 2.842457e-02	 3.419719e-02	-1.170805e-01	-5.949032e-02	-2.270096e-03	 6.823167e-02	-2.509684e-02	-1.043021e-01	-6.385273e-02	 1.000000e+00	 1.000000e+00	 2.000000e+00
0	GTEX-1F52S	 0.007000000	-0.001300000	-0.150700000	 0.010300000	 0.003200000	 0.016277617	-0.067891710	-0.132644176	-0.045339931	 0.021256903	 0.023303101	 0.030287491	-0.041211799	-0.040202703	-0.020371396	-0.049468324	 0.038358625	-0.033517115	 0.052782476	 0.003080309	-0.148508191	 0.008394862	-0.060083240	-0.005683303	-0.018449524	 0.011853429	 0.118037611	-0.076559611	-0.152505040	 0.008137976	 0.041305803	-0.017280048	 0.077145606	-0.042975366	-0.017474458	 1.000000000	 1.000000000	 2.000000000
0	GTEX-1F6IF	 0.015600000	-0.009700000	 0.023900000	-0.018200000	 0.007500000	-0.028301334	-0.015872099	-0.002601543	-0.089315146	-0.088492230	 0.067803569	-0.019137258	 0.046991955	 0.027673982	 0.063437521	-0.035918601	-0.038168967	-0.043841567	-0.063219354	 0.040453274	-0.070713617	 0.067445248	 0.047432221	 0.040295456	-0.099368818	-0.042078417	 0.032038115	-0.026438439	-0.024829691	-0.036847763	 0.072420262	-0.008114744	-0.055549692	-0.013009737	-0.095457666	 1.000000000	 1.000000000	 1.000000000
0	GTEX-1F75A	 0.013700000	-0.002600000	 0.021000000	-0.002100000	 0.018400000	 0.063104786	 0.028627610	 0.015398187	-0.036388367	 0.008578354	 0.078511588	-0.010863064	-0.017258964	 0.131797761	-0.014015244	-0.050060581	-0.009943381	 0.028058425	 0.068665244	-0.015334525	-0.066065811	-0.091915883	 0.065331332	 0.057314653	-0.023720739	 0.042518266	-0.056943413	-0.045287397	 0.018774778	 0.038390584	 0.035122525	 0.008731366	-0.016676214	 0.119264111	 0.102813259	 1.000000000	 1.000000000	 1.000000000
0	GTEX-1F75W	 0.0154000000	-0.0042000000	 0.0178000000	-0.0063000000	 0.0127000000	 0.0259600021	 0.0275150836	 0.0043964805	-0.0199373029	 0.0703033954	 0.1256595254	 0.0447730348	-0.0189030673	 0.0566062182	 0.0374723673	 0.0980450213	-0.0346816219	-0.1053569764	 0.0179936215	 0.0265655536	 0.0122414483	-0.0583967119	 0.0456685163	 0.0962111130	 0.1312915236	 0.1216792017	 0.0316105522	 0.0250151120	-0.0594612062	-0.0520057119	 0.0411129594	-0.0197634902	-0.0959274098	-0.0004998569	-0.0180150941	 1.0000000000	 1.0000000000	 1.0000000000
0	GTEX-1GF9V	 0.015100000	-0.008000000	 0.000500000	-0.010500000	 0.013200000	-0.031462934	 0.017392432	 0.035680681	-0.027845489	-0.015511969	-0.018899774	-0.062860921	 0.023830071	 0.007718704	-0.070333838	 0.023589892	 0.115833595	 0.068017855	 0.129444763	-0.024343925	 0.002950380	 0.021196332	 0.001280969	-0.047859360	-0.072633743	 0.061583824	 0.050423447	-0.023537457	-0.062158238	 0.029734921	 0.053588506	-0.060500950	-0.005104607	-0.036616940	-0.087903142	 1.000000000	 1.000000000	 1.000000000
0	GTEX-1GF9W	 0.015500000	-0.005400000	 0.013800000	-0.008500000	 0.020800000	-0.093052931	-0.018120429	 0.040225662	-0.027100598	-0.011293209	 0.118910566	-0.013296673	-0.054568637	-0.028195165	-0.107492827	 0.103253379	-0.115075260	-0.042549547	-0.207191944	-0.130026907	-0.038559373	-0.074377254	-0.067779347	 0.143393949	 0.025593085	-0.058725525	 0.076413013	 0.019914478	-0.005444453	-0.232808381	-0.088883549	 0.047819786	 0.144845977	-0.136808783	 0.004108869	 1.000000000	 1.000000000	 1.000000000
0	GTEX-1GN73	 0.012300000	-0.003000000	-0.068400000	-0.006000000	 0.009800000	 0.006232272	 0.013286754	 0.044158779	 0.083077714	-0.099967822	 0.095865197	 0.085903905	 0.065196998	-0.167251319	-0.067093290	 0.018213890	 0.046474282	-0.041564908	-0.009719463	-0.064767130	-0.013663922	-0.038397286	 0.033194687	 0.050878011	-0.100745872	-0.191518486	 0.069348887	-0.109541133	-0.023391787	 0.187800229	 0.068342492	 0.048333462	 0.032094017	-0.087065995	 0.004653997	 1.000000000	 1.000000000	 1.000000000
0	GTEX-1GTWX	 0.013500000	-0.005700000	 0.012500000	 0.005700000	 0.030900000	-0.063190855	 0.047130600	 0.036388252	 0.092648089	 0.023773663	-0.052721005	 0.013187721	-0.064822808	-0.006761081	-0.021331284	 0.051113825	 0.144485682	 0.034242097	 0.015951861	-0.016779784	 0.013218807	-0.024571031	-0.002608815	 0.047248911	-0.013410660	 0.084242962	-0.026112424	-0.011955918	-0.018113330	 0.015015001	 0.027835207	-0.022165395	 0.016421884	 0.110170923	-0.032315165	 1.000000000	 1.000000000	 1.000000000
0	GTEX-1GZ2Q	 0.0138000000	-0.0016000000	 0.0092000000	-0.0021000000	 0.0175000000	 0.0408998616	-0.0611786246	-0.0336330719	 0.0497472771	-0.0339281149	 0.0007666933	-0.0775760487	 0.0344212912	-0.0203271527	 0.0269331131	-0.0514529124	-0.0215988141	-0.0730205104	 0.1465159208	-0.0257142559	 0.0474086963	 0.1111058295	 0.0527215637	 0.0189704318	 0.0243157726	-0.0570810251	 0.1553701013	 0.0189177282	 0.0749625713	-0.1116678789	 0.0998414755	-0.0397681408	 0.0685468540	 0.0679607987	-0.0778343529	 1.0000000000	 1.0000000000	 1.0000000000
0	GTEX-1GZ4I	 0.015500000	-0.008900000	-0.007800000	 0.009900000	 0.003000000	 0.006432477	-0.022035556	 0.024925981	-0.002562588	 0.022087198	-0.067813255	-0.021696998	 0.008665266	-0.082424104	 0.047339704	-0.037221905	 0.030930646	-0.025430804	-0.023727288	 0.030453475	-0.076930694	-0.068508230	-0.073435120	 0.033014815	-0.012400932	-0.038621459	 0.083557978	 0.027081996	-0.081999011	-0.085729271	 0.018755335	-0.056025378	 0.047191773	 0.023129934	 0.008444490	 0.000000000	 1.000000000	 1.000000000
0	GTEX-1GZHY	 0.014100000	-0.004100000	 0.014500000	-0.031000000	 0.022400000	-0.001019998	 0.034007512	 0.018406441	 0.001406785	 0.036978006	 0.095485047	 0.009781868	-0.038333151	 0.004223162	 0.093032561	-0.060449574	 0.004513932	-0.056210805	 0.047243290	-0.046710480	 0.035501894	 0.067708343	 0.055068720	 0.001113170	-0.011095421	 0.059347242	 0.059577126	-0.025461400	 0.059283014	 0.012901640	 0.042563107	 0.024003506	-0.074626356	 0.038656652	-0.032454126	 1.000000000	 1.000000000	 2.000000000
0	GTEX-1JJ6O	 0.013300000	-0.001400000	-0.021000000	 0.008600000	-0.009600000	-0.050632041	-0.019695638	-0.015369239	 0.098395862	-0.032753985	-0.042861030	-0.081230581	 0.034412313	 0.037495706	 0.053985540	-0.011928986	 0.061506651	 0.064043790	 0.023216851	 0.131312564	-0.006271559	 0.040861767	 0.080046624	-0.002320735	 0.016906360	-0.103481047	 0.056778144	 0.030178100	-0.030721372	-0.001644479	-0.167475447	 0.169105664	 0.039284922	 0.010115547	-0.003085745	 0.000000000	 1.000000000	 1.000000000
0	GTEX-1JMOU	 0.014400000	-0.004100000	-0.001000000	-0.003500000	 0.003000000	-0.029780801	-0.074336290	 0.028453885	 0.082154326	-0.007839979	 0.015832575	 0.014957570	-0.085436337	 0.016388850	-0.012697429	 0.022628024	-0.068958364	 0.003844599	 0.020077793	 0.001886037	-0.106253155	-0.065549903	 0.046693802	-0.001550643	 0.061481368	-0.014291721	 0.077613235	 0.043466438	 0.038643535	-0.008971727	-0.037779722	-0.018267388	 0.102844663	-0.046451844	-0.030584477	 0.000000000	 1.000000000	 2.000000000
0	GTEX-1JMQJ	 0.014300000	-0.004100000	-0.020900000	 0.006500000	-0.023300000	 0.040314939	 0.053766288	 0.006882340	 0.034663245	 0.090692312	 0.029676536	-0.001655192	-0.060562391	 0.067364499	-0.083331920	 0.084803469	 0.011599277	 0.018962644	-0.023278221	 0.049487099	 0.080408916	-0.075224623	 0.016523223	 0.076589920	 0.038956985	-0.073930427	-0.007226163	-0.032429680	-0.024902461	 0.018649230	 0.087524354	-0.050411500	 0.028708396	-0.005002797	 0.020345386	 0.000000000	 1.000000000	 1.000000000
0	GTEX-1JMQK	 0.014800000	-0.001300000	 0.023300000	 0.026500000	-0.134300000	 0.039135333	-0.007407779	-0.035040278	 0.081621505	 0.071296506	 0.006323708	 0.074063599	-0.068737842	-0.013068123	 0.009817922	-0.003541684	-0.063331440	 0.074767038	-0.035285164	 0.038433526	-0.047508404	 0.032151803	-0.038324092	 0.041728940	 0.007229592	 0.029556340	 0.081062354	-0.115656778	-0.023683939	-0.055875156	-0.039760154	 0.014172056	-0.016625723	 0.025902048	-0.054001309	 0.000000000	 1.000000000	 1.000000000
0	GTEX-1JN1M	 0.013500000	-0.004600000	 0.026500000	 0.000900000	-0.052000000	-0.010238162	-0.068101756	-0.120350637	-0.070194848	-0.005883879	-0.023667749	 0.095500715	 0.107726507	 0.008225620	-0.003374401	 0.036914669	 0.072651885	 0.075668253	-0.005299817	 0.081335410	 0.203101397	-0.046213996	 0.009179709	-0.009447632	 0.074593224	 0.006008282	 0.151140064	-0.027894346	 0.005995320	-0.026287325	 0.043658424	 0.065201551	-0.003363206	-0.031327300	-0.029458571	 0.000000000	 1.000000000	 2.000000000
0	GTEX-1KD4Q	 0.014200000	-0.006200000	 0.009800000	 0.008300000	 0.003100000	-0.034152932	 0.031023489	 0.021509750	-0.003442615	 0.044102356	 0.023459334	-0.063872553	-0.006637722	-0.054433297	 0.046557840	 0.012367282	 0.135997787	-0.090067178	 0.016825859	 0.093040638	 0.031596009	 0.030524077	-0.049135339	 0.005872936	-0.049514577	 0.011631799	 0.050237827	-0.016119028	-0.051095527	-0.050233308	 0.107804045	-0.078467570	-0.044849575	-0.043434396	 0.002313400	 0.000000000	 1.000000000	 1.000000000
0	GTEX-1KWVE	 0.013100000	-0.004000000	-0.024400000	-0.011000000	 0.019900000	 0.019112052	-0.025185227	 0.066744067	-0.030446541	 0.029256571	-0.029157627	-0.084694661	 0.025984880	-0.089949496	-0.039646681	-0.020644842	-0.011113886	 0.005888803	 0.047631968	 0.049327247	-0.023153473	-0.015473701	-0.046677310	-0.044387851	 0.061529472	-0.028135573	 0.003017229	-0.067728370	 0.094360359	-0.070421971	-0.001171079	 0.043959953	-0.037757013	-0.024049062	-0.046020046	 0.000000000	 1.000000000	 1.000000000
0	GTEX-1LG7Y	 0.013800000	-0.000100000	 0.021100000	 0.016500000	-0.099900000	 0.062904552	 0.010572298	-0.012969684	 0.017383834	 0.055271745	-0.018170195	-0.003935233	-0.010771225	 0.028354203	 0.034268800	 0.083090216	 0.095364138	-0.022121623	-0.011041687	 0.042294376	-0.028255247	-0.075107843	 0.028579345	 0.031780388	 0.022730978	-0.022487685	 0.068331085	-0.040000666	-0.049300380	-0.014327831	-0.073183313	-0.054978855	-0.014652191	 0.020684671	-0.062401865	 0.000000000	 1.000000000	 1.000000000
0	GTEX-1LSVX	 0.014900000	-0.004600000	 0.037100000	-0.012700000	 0.000900000	 0.049170453	 0.020463979	 0.005694544	 0.022412494	-0.057638787	 0.064359449	 0.066985629	 0.069578968	-0.095247023	 0.078774355	 0.123114012	-0.194001287	 0.174735099	 0.078797616	 0.114930622	-0.094724096	 0.084425680	-0.017519323	 0.162312835	-0.094484910	-0.159005255	 0.060890716	-0.087993443	-0.104063921	 0.048539903	 0.062106721	 0.023819044	-0.062966622	-0.107281983	 0.075307146	 0.000000000	 1.000000000	 1.000000000
0	GTEX-1MJK2	 0.015000000	-0.007200000	 0.015800000	-0.002600000	 0.013100000	 0.053012777	 0.107714534	-0.022128172	-0.036221094	-0.044895336	 0.062671490	 0.044135410	-0.080205888	 0.031604737	 0.005400293	 0.063857019	-0.041773733	-0.064539276	 0.023791697	 0.149610072	-0.097112149	-0.035399050	 0.017150547	-0.080289617	 0.033255957	 0.045865089	 0.010936420	 0.019921783	 0.010934087	-0.012504464	 0.070486292	 0.045481127	 0.072291382	 0.083777621	 0.040582936	 0.000000000	 1.000000000	 1.000000000
0	GTEX-1NV8Z	 0.013100000	-0.005000000	-0.006300000	-0.022000000	 0.000800000	 0.012748289	 0.085943252	 0.013741532	 0.038110290	-0.029959360	 0.031809371	 0.013348036	-0.107987933	-0.057301577	-0.009305800	 0.014723836	-0.017501768	 0.035438936	-0.053105429	 0.086550765	-0.013769899	 0.120729238	-0.045810644	-0.111422278	 0.061316166	 0.007253125	 0.040993337	 0.026979329	 0.051063545	 0.039863907	 0.023642153	 0.134653345	-0.007435653	 0.072815090	 0.034007132	 0.000000000	 1.000000000	 1.000000000
0	GTEX-1P4AB	 0.0149000000	-0.0065000000	 0.0400000000	-0.0197000000	 0.0300000000	 0.0774407908	-0.0769497231	-0.0723420903	 0.0306605548	 0.0098284492	 0.0400590338	-0.0009233227	-0.0464774482	-0.0916379169	-0.0491757356	-0.1007348299	 0.1170787886	 0.0549540259	-0.0302211307	 0.0312283821	-0.0526330210	 0.0255759470	 0.0412426293	-0.0998644605	-0.0044786460	-0.0173727386	 0.0226164348	 0.0082008019	 0.0274506025	-0.0944441408	-0.0572703071	-0.0578646287	 0.0632311478	-0.0410595760	-0.0689242408	 0.0000000000	 1.0000000000	 1.0000000000
0	GTEX-1PIIG	 0.011400000	-0.004800000	-0.084700000	 0.011500000	 0.015300000	 0.020489113	 0.007896606	 0.001719568	-0.058469933	-0.036115900	 0.003868523	-0.063670285	 0.016179252	-0.001623060	-0.007175740	 0.085880317	 0.059393764	 0.055150192	-0.148188069	 0.105351970	 0.001446890	 0.035501644	-0.087488547	-0.065083019	 0.073591225	-0.059231710	 0.057519797	 0.033325028	 0.061695345	 0.044218939	 0.085741058	 0.083692580	-0.042297266	 0.020853737	 0.056202937	 0.000000000	 1.000000000	 1.000000000
0	GTEX-1POEN	 0.013300000	-0.005400000	 0.019900000	-0.013400000	 0.032300000	 0.021769639	 0.008415673	 0.005553745	-0.053430386	 0.038576011	 0.026287610	-0.052875720	-0.039163448	-0.087798558	 0.019257359	 0.019384176	-0.022748530	-0.068947710	 0.051756836	 0.015313701	 0.079827696	 0.067973800	 0.041329037	-0.098168924	 0.038104456	-0.054555167	-0.009821398	-0.091161735	 0.093812831	-0.044488706	-0.035773307	-0.011284917	 0.009496477	 0.062658317	-0.101015024	 0.000000000	 1.000000000	 2.000000000
0	GTEX-1PWST	 0.015700000	-0.004200000	 0.014000000	 0.005400000	 0.022000000	-0.026971063	-0.084984817	 0.058585282	 0.160433695	-0.073738255	 0.142242372	-0.002923328	-0.007723460	-0.043592319	 0.002665747	 0.120339096	-0.093902119	 0.034937337	-0.014448763	 0.020494377	 0.108090483	-0.151628092	-0.009939097	-0.070034482	-0.039458066	 0.069130085	 0.032683574	 0.066887580	 0.016019929	-0.091139123	-0.005769738	 0.044912625	 0.089890242	 0.061293032	-0.105772786	 0.000000000	 1.000000000	 1.000000000
0	GTEX-1QEPI	 0.015300000	-0.007300000	 0.009200000	 0.000100000	 0.003000000	-0.045217596	-0.032344017	 0.031044632	-0.081797831	 0.151489258	 0.094681472	-0.035399273	 0.030001890	-0.053592004	 0.052999709	-0.020663541	-0.019592073	 0.042292792	-0.061004717	 0.069682859	 0.060313646	 0.014491674	 0.126772717	 0.007023766	 0.021392109	-0.104930453	-0.020995388	 0.026355244	 0.035493340	 0.045790043	-0.006750272	 0.002358047	 0.017703516	-0.019629292	-0.088128947	 0.000000000	 1.000000000	 2.000000000
0	GTEX-1QP6S	 0.016100000	-0.004200000	 0.013900000	 0.002100000	-0.016600000	 0.035500001	-0.011238406	 0.050208751	 0.027317340	 0.021920076	 0.026619880	-0.065576091	-0.034607645	 0.005173820	-0.002278976	-0.007027006	 0.045038175	-0.030257750	-0.026039567	 0.015758323	 0.058782186	 0.052894067	 0.043367025	-0.122130938	-0.025204774	-0.102462269	 0.009791248	 0.051259089	 0.041385204	-0.042284735	-0.022805760	 0.001468413	-0.068445541	-0.038013216	-0.005276110	 0.000000000	 1.000000000	 1.000000000
0	GTEX-1R46S	 0.0140000000	-0.0011000000	-0.0218000000	-0.0159000000	 0.0084000000	-0.0442263372	-0.0130111184	 0.0461994186	 0.0208878424	 0.0032045960	-0.0012433633	 0.0281206183	-0.1362887919	-0.0310535133	 0.0475631393	 0.0562329181	 0.0007384552	 0.1012004018	-0.0598514676	 0.0156143950	-0.0091178995	-0.0002345885	-0.0438142903	-0.0397612266	 0.0117236963	-0.0266837124	 0.0661891401	-0.0462097861	 0.0909976587	 0.0080162501	-0.0132329902	-0.0643060803	 0.0020693941	-0.0228422731	 0.0863400549	 0.0000000000	 1.0000000000	 2.0000000000
0	GTEX-1R9PO	 0.0108000000	-0.0004000000	-0.0734000000	 0.0084000000	-0.0064000000	 0.0388531275	-0.0300117191	-0.0105805760	 0.0453230925	 0.0158181805	 0.0199283734	 0.0150150452	-0.0004488945	 0.0068582799	-0.0049161729	 0.1851631552	 0.0922358856	 0.0865852460	-0.0768015236	-0.0663863793	-0.1756522804	 0.1710619479	-0.0121495379	-0.0780916288	 0.0402287468	-0.0962708965	-0.1190614626	 0.0821278393	 0.0369681194	 0.0027332311	 0.0017046845	-0.0716550425	-0.0029702815	 0.0903608724	 0.0018846830	 0.0000000000	 1.0000000000	 2.0000000000
0	GTEX-1RNSC	 0.015800000	-0.006200000	 0.018100000	-0.006800000	 0.028100000	-0.071137443	-0.036505982	-0.024327843	 0.005673776	 0.145315066	 0.079673983	-0.107579336	 0.038675498	 0.129153758	 0.058630254	-0.007955192	 0.025779463	 0.054422729	 0.010382915	 0.071416572	 0.027888587	-0.012689804	 0.007831949	-0.063068569	-0.118279018	-0.034453608	-0.058962714	-0.030466007	 0.033526696	-0.010293604	 0.069106460	-0.038738977	 0.002602895	-0.033182275	-0.127693415	 0.000000000	 1.000000000	 1.000000000
0	GTEX-1RQEC	 0.014600000	-0.007800000	 0.008800000	 0.008100000	-0.019500000	-0.032191906	 0.019881312	 0.072770692	-0.025590420	 0.012986572	 0.022330269	-0.079743721	-0.028275283	 0.014980401	-0.093257472	 0.046588942	 0.019806905	 0.054560006	 0.019304978	 0.037808690	-0.113044426	 0.013526056	 0.004074831	-0.147813722	 0.047560565	 0.095196486	 0.156150624	-0.123116463	 0.130119964	 0.040560111	-0.037845645	 0.010038452	 0.028253691	 0.019965271	 0.116684541	 0.000000000	 1.000000000	 1.000000000
0	GTEX-N7MS	 0.014600000	-0.003900000	 0.036300000	 0.000100000	 0.019400000	 0.049063709	 0.057135507	 0.004500036	-0.027081573	-0.054136474	-0.035062630	 0.103510253	 0.021417663	 0.050719738	-0.070453152	-0.020503234	-0.049220413	-0.060996268	 0.097508185	 0.154376253	 0.041108642	 0.048595220	-0.072000653	 0.066439569	-0.086629890	 0.094472885	-0.138612360	 0.064416192	 0.037762120	 0.058508173	-0.090991005	-0.021324780	 0.122696593	-0.091229230	-0.052872568	 1.000000000	 0.000000000	 1.000000000
0	GTEX-N7MT	 0.015800000	-0.004700000	 0.022800000	 0.005200000	 0.005900000	-0.023017993	-0.041370194	-0.006441637	 0.028350972	 0.009130609	-0.025018476	 0.007161669	-0.100253873	 0.098761439	 0.015557746	 0.027530542	 0.029318986	 0.038133800	 0.030413495	 0.041493803	-0.019345565	-0.010418523	 0.071394600	 0.021950910	 0.138213724	-0.117816627	 0.022640254	 0.117302611	 0.003028631	-0.023848915	 0.015945327	-0.010231049	-0.005744108	-0.040855300	-0.070730537	 1.000000000	 0.000000000	 2.000000000
0	GTEX-NPJ7	 0.014100000	 0.011500000	 0.051500000	 0.007300000	-0.037500000	-0.029386569	-0.124908514	 0.029766152	-0.056664810	-0.014698190	-0.039171398	 0.083261892	-0.086278439	 0.058203813	 0.014472815	 0.054007038	 0.022453679	-0.126498491	 0.023064736	 0.068954207	 0.022576092	 0.014604480	-0.015040369	 0.079234518	-0.010352854	 0.021114267	-0.111904651	 0.002021292	-0.019093769	-0.043029930	 0.093475416	-0.022261888	 0.050240025	-0.032385960	 0.034025323	 1.000000000	 0.000000000	 2.000000000
0	GTEX-NPJ8	 0.016400000	-0.006200000	 0.008300000	-0.003900000	 0.003300000	-0.041346617	-0.051124196	-0.151777580	-0.022462480	 0.018945981	-0.109066397	 0.135168687	-0.022958655	-0.012858165	-0.117116138	 0.136007547	-0.054658834	-0.126504824	 0.069251470	 0.105675824	 0.115352862	-0.006642473	-0.055047400	-0.001145670	-0.157446593	 0.075996086	-0.156067908	-0.031965580	 0.031801917	-0.173995644	 0.014953709	 0.081895322	-0.020846117	-0.073765382	 0.019491252	 0.000000000	 1.000000000	 1.000000000
0	GTEX-OHPN	 0.010900000	-0.005900000	-0.061700000	 0.004700000	-0.004300000	-0.054164205	-0.125250295	 0.093980253	-0.001175502	 0.044356018	 0.027024306	 0.076144256	 0.008853463	 0.107080571	-0.066482976	-0.045465451	-0.071329921	-0.111646757	 0.058274329	-0.001295770	 0.008742283	 0.055020753	-0.013040991	-0.061660610	 0.027341286	 0.124946781	-0.037097499	-0.256211579	-0.135771379	 0.163590342	-0.087762684	 0.135500759	 0.126240969	-0.131245270	 0.035405245	 1.000000000	 0.000000000	 2.000000000
0	GTEX-P44G	 0.0078000000	 0.0044000000	-0.1499000000	 0.0024000000	-0.0107000000	 0.0383147262	-0.1196113303	 0.0017964614	-0.0424842052	 0.0067839255	-0.0090964669	 0.0059148888	 0.0762150586	 0.0671707392	 0.0004726140	 0.1075957939	 0.1378982514	-0.1948384196	 0.1003519520	 0.0597793683	 0.0004281186	-0.0021690573	 0.0567094497	 0.1600778848	-0.0178516954	 0.0938051865	 0.0530471131	-0.0005660487	 0.0087002516	-0.0194208138	-0.0341893993	 0.1256921142	 0.0580656528	 0.0383829325	 0.0074360743	 0.0000000000	 1.0000000000	 1.0000000000
0	GTEX-P44H	 0.015000000	-0.010200000	 0.015600000	-0.003500000	 0.022200000	 0.066720553	-0.161064118	 0.118910603	 0.079605818	-0.007920086	 0.014740068	 0.062238842	 0.028279845	-0.002827963	 0.011000608	 0.013504863	 0.016633123	-0.067235209	-0.061060168	 0.009141383	 0.088271149	-0.068314590	-0.097308010	-0.065870576	-0.024616230	 0.129202351	 0.057526808	-0.085244656	-0.092773221	-0.055370338	-0.007663502	-0.020121587	-0.081564844	 0.108495407	-0.001099649	 0.000000000	 1.000000000	 1.000000000
0	GTEX-PVOW	 0.013600000	-0.003300000	 0.015700000	 0.019200000	 0.034000000	 0.096618243	-0.128524318	 0.067592964	-0.087519683	-0.005615075	-0.046225198	-0.100480437	 0.027864166	-0.030524317	-0.052289147	-0.009836526	 0.052252300	 0.060788937	-0.054783788	 0.017889380	-0.007580796	-0.022458730	-0.036587961	 0.036696456	-0.039499901	-0.006213113	 0.016487055	-0.005774571	 0.044439722	 0.066555843	 0.081437126	-0.018622020	-0.028397938	 0.025521550	-0.007902779	 0.000000000	 1.000000000	 1.000000000
0	GTEX-PWO3	 0.014800000	-0.002200000	 0.011400000	-0.009700000	-0.041700000	-0.031212447	-0.060358465	-0.025439529	-0.010501605	 0.042291682	-0.008364345	 0.079767995	-0.074098617	 0.077735357	-0.016084228	 0.060621295	-0.005385470	-0.106186479	-0.027849307	 0.027307628	 0.065120861	 0.069107652	 0.018161671	 0.072706752	-0.114216320	 0.029995659	-0.047313228	 0.105318718	 0.018482627	 0.076785780	 0.129017219	-0.039884817	 0.023785878	-0.022618219	-0.019776506	 1.000000000	 0.000000000	 2.000000000
0	GTEX-Q2AG	 0.015100000	-0.004300000	 0.026800000	 0.003500000	 0.048400000	 0.034606475	-0.032200586	 0.007246361	-0.015557559	 0.058801498	-0.035745524	 0.037855472	 0.010253906	 0.034194015	-0.179321036	 0.065697633	 0.018244268	 0.025684858	 0.075336695	-0.085497431	 0.060759097	 0.097422451	 0.029276101	 0.090149142	-0.126633674	 0.089927159	-0.016314963	 0.101488702	 0.115380950	 0.102044009	 0.010320546	-0.084201738	-0.030469690	-0.022724915	-0.030628756	 1.000000000	 0.000000000	 2.000000000
0	GTEX-QDT8	 0.013300000	-0.003500000	-0.027800000	 0.023200000	-0.036000000	 0.061881579	-0.122938015	 0.089990586	 0.072597854	 0.067529857	-0.032120865	 0.021716878	-0.028536748	-0.006861672	 0.016873084	 0.022687012	-0.070899449	 0.104595929	-0.032279365	-0.051887996	 0.108294204	 0.064595357	-0.055991378	-0.042144541	-0.173002213	 0.094679102	 0.044128496	-0.037763081	 0.015903743	-0.040546510	 0.057474721	 0.025557574	-0.093093760	 0.032228615	-0.048375119	 0.000000000	 1.000000000	 2.000000000
0	GTEX-QMR6	 0.013000000	 0.001100000	 0.013800000	-0.021900000	 0.001700000	 0.051149018	-0.162802145	 0.103345811	 0.062206812	 0.036350507	 0.003816058	-0.029203609	-0.055005003	-0.076264098	 0.007040018	 0.030664388	 0.041424915	 0.052821685	-0.073274009	-0.003211614	 0.102624290	 0.027222032	-0.119596668	 0.048948906	-0.106432252	 0.117054269	-0.040970702	-0.063762307	 0.057779130	 0.042267259	 0.043898340	 0.055520676	-0.049872749	 0.045306284	-0.018305935	 1.000000000	 1.000000000	 1.000000000
0	GTEX-QVJO	 0.0140000000	-0.0064000000	 0.0100000000	 0.0076000000	 0.0189000000	 0.0174117740	-0.0581379235	-0.0017050056	-0.0008667551	-0.0232889019	-0.0191577058	 0.0804302543	-0.0976280347	 0.0266344901	-0.0899574086	 0.0066034980	 0.0046946686	-0.0790016279	-0.0200057440	 0.0658338219	-0.0133730974	 0.0346466973	 0.0551723428	 0.0271324273	 0.0324165858	 0.0372856930	-0.0296813473	-0.0711069405	-0.0810621828	 0.1071254760	-0.0200016554	-0.0543021187	 0.0828626677	-0.1197521612	-0.0597960353	 1.0000000000	 1.0000000000	 2.0000000000
0	GTEX-QVUS	 0.014900000	-0.002600000	 0.006100000	 0.015500000	-0.051600000	 0.050562367	-0.117081001	 0.040906992	 0.019266484	 0.035306208	-0.032713458	 0.023896538	-0.075711794	 0.043515231	 0.012949271	 0.017666141	 0.013185766	-0.007411525	-0.062093783	-0.017139321	 0.009812898	 0.033820000	-0.085974164	 0.027507732	 0.030321294	 0.007918156	 0.008917606	-0.005931187	-0.025048353	 0.053858489	 0.089701802	-0.031063093	-0.012861773	 0.047025636	 0.093445405	 1.000000000	 1.000000000	 2.000000000
0	GTEX-R55E	 0.012500000	-0.005400000	-0.028600000	 0.010300000	 0.002300000	-0.050291840	 0.021983171	 0.046324518	-0.084669366	-0.009119676	 0.056992345	-0.012046926	-0.003409935	 0.061773382	-0.092297137	 0.072411090	-0.135423318	-0.128648251	-0.163354814	-0.034908451	 0.124170750	 0.137778193	 0.106323965	-0.010392731	-0.122238055	-0.028650913	 0.001963966	-0.060088571	 0.017360631	-0.023629654	-0.101209313	-0.109867170	-0.053678803	-0.074358568	-0.031813689	 1.000000000	 1.000000000	 1.000000000
0	GTEX-RNOR	 0.014900000	 0.001400000	 0.012000000	 0.034200000	-0.120200000	 0.009350508	-0.052884854	 0.072357044	-0.096405692	-0.066876307	-0.064113282	-0.009940506	-0.008483058	 0.032533780	-0.035778347	 0.005363382	-0.012765555	-0.066871755	 0.017942647	-0.006136599	-0.022832433	-0.051531143	-0.077594206	 0.056416016	-0.001427262	 0.005750923	-0.053784627	 0.062788635	 0.028536404	 0.096730106	-0.031949706	-0.119513884	 0.088685289	-0.011584287	 0.018421469	 1.000000000	 1.000000000	 2.000000000
0	GTEX-S7SE	 0.014200000	-0.006400000	 0.022800000	 0.010900000	 0.017400000	 0.025638187	-0.020914689	 0.084548607	-0.028657753	-0.017288338	-0.004463369	-0.043318648	-0.028748510	-0.047719233	-0.021863412	 0.031621926	-0.006497465	-0.013960957	-0.015015031	-0.076358341	 0.074321866	-0.007719958	-0.086320400	 0.086167134	 0.025255917	 0.028333083	-0.015818849	 0.108836055	-0.025416402	 0.119628295	-0.100244790	 0.065229811	 0.039994214	 0.053632729	-0.033462193	 1.000000000	 0.000000000	 1.000000000
0	GTEX-T2IS	 0.0140000000	-0.0043000000	 0.0111000000	 0.0009000000	-0.0173000000	 0.0884539112	-0.0601868443	 0.0474631302	-0.0674285442	-0.0007360028	 0.0407173894	-0.0426701717	 0.0505970605	 0.0702294782	-0.0754506364	 0.0056422194	-0.0250076931	 0.0731763914	-0.0613511615	 0.0529254042	 0.0016156090	-0.0042276117	 0.0596626885	 0.0305592027	-0.1010201126	 0.0097379275	-0.0445289537	 0.0188351199	-0.0201294404	-0.0953648612	-0.0153120449	 0.0612150058	-0.1345253736	-0.0605061240	-0.0256759264	 1.0000000000	 1.0000000000	 2.0000000000
0	GTEX-T5JC	 0.014000000	-0.003800000	 0.032300000	 0.016900000	-0.021000000	 0.064263597	-0.002881288	-0.070882045	 0.075882219	 0.002737273	 0.014157472	-0.103005074	 0.027800761	 0.088683926	-0.091744110	-0.015902242	-0.094051354	-0.009092908	 0.085439190	 0.054439589	 0.137356818	 0.108142398	-0.111509085	 0.128256872	 0.084466524	-0.161032632	-0.017391071	-0.073837422	 0.078538038	 0.031939831	-0.077837363	 0.042451706	-0.051366281	 0.120506428	-0.028420802	 1.000000000	 1.000000000	 1.000000000
0	GTEX-T6MN	 0.014400000	-0.007500000	 0.022700000	-0.013400000	-0.001200000	-0.017614100	 0.070984066	 0.034865562	-0.007641448	-0.007016396	-0.003635003	-0.063106142	-0.025906570	-0.020720635	-0.086681940	 0.062002439	-0.035159368	 0.100195795	-0.087592147	-0.017104596	 0.057071738	 0.085237972	-0.102164425	 0.083482847	-0.021068113	 0.059319504	-0.078720376	 0.107920907	 0.096287720	 0.063785136	-0.069113456	-0.014955694	-0.089446552	-0.047978222	-0.011684630	 1.000000000	 1.000000000	 1.000000000
0	GTEX-TSE9	 0.014500000	 0.001200000	 0.014300000	 0.026800000	-0.112800000	 0.039772812	-0.100060426	 0.018627938	-0.020494221	-0.033519909	 0.006747471	 0.056114592	 0.134653196	 0.006687572	 0.043191902	 0.147733167	-0.054964520	 0.021583105	-0.099961489	-0.132425845	-0.188743576	 0.174652949	-0.075644292	 0.047433887	 0.149851963	-0.053107396	-0.205191046	-0.029003402	 0.036075108	 0.033113878	 0.036915947	-0.028623659	-0.010094327	 0.147826269	-0.039291419	 1.000000000	 1.000000000	 2.000000000
0	GTEX-UTHO	 0.015600000	-0.009700000	 0.018400000	 0.015700000	 0.024900000	 0.006813163	 0.019040704	-0.092855074	 0.015058562	-0.009763259	-0.019737765	 0.030891187	-0.065657713	 0.013379571	-0.023405103	-0.019386718	 0.033893958	 0.054355446	-0.013717238	 0.035124604	-0.037866864	 0.059195679	 0.024413541	 0.062315155	 0.074308835	-0.001103790	 0.073377445	-0.038308341	-0.000631003	 0.057068754	 0.025634767	-0.033735678	 0.087875940	-0.020153210	-0.112790994	 1.000000000	 1.000000000	 1.000000000
0	GTEX-WHSE	 0.012100000	-0.005300000	-0.048900000	 0.017500000	 0.023800000	-0.023954652	-0.003781215	 0.004055437	 0.044494014	-0.122880794	 0.122408234	-0.128991514	 0.014608301	-0.049669977	-0.099921748	 0.075253591	 0.087110057	-0.154391453	-0.011099452	-0.106377631	 0.097680785	-0.045223683	-0.174876243	-0.075069785	 0.036607511	-0.043447208	 0.040852956	 0.104159757	 0.085390538	 0.008460493	-0.068473443	-0.060437098	 0.022472829	 0.045365538	-0.112751074	 0.000000000	 1.000000000	 1.000000000
0	GTEX-WL46	 0.013700000	-0.005000000	 0.016300000	 0.001800000	-0.068400000	 0.075457066	 0.067412592	-0.039341155	-0.019528113	-0.015007443	 0.067994565	 0.001804171	-0.003472857	 0.075014897	-0.010391546	-0.120127670	-0.033007089	 0.084141180	-0.013237435	 0.105475590	 0.061084423	-0.048379090	-0.155849606	 0.059786811	-0.085422814	-0.028311685	-0.045785736	 0.083267927	-0.085033692	-0.007074758	-0.047940690	-0.051310793	-0.004594167	 0.022629175	 0.144436598	 1.000000000	 1.000000000	 1.000000000
0	GTEX-WVLH	 0.015500000	-0.002000000	 0.012900000	-0.021400000	 0.009300000	-0.005461322	 0.021712506	 0.043894131	-0.014453056	 0.008886315	-0.004441313	-0.029587658	 0.002680164	-0.004764835	-0.095502943	-0.014789602	-0.019969281	 0.057794869	 0.026176991	-0.012624002	-0.028615380	 0.027382432	-0.054573581	 0.076102480	-0.013680819	 0.075564690	 0.022245159	 0.085720070	-0.003708300	-0.010626853	-0.028367752	 0.032849241	-0.038592882	-0.039827634	 0.023088878	 1.000000000	 1.000000000	 1.000000000
0	GTEX-WWYW	 0.015200000	-0.002400000	 0.021100000	 0.007500000	-0.053500000	-0.058501184	 0.001370041	-0.111959212	-0.101904437	-0.031298887	 0.011971132	-0.057108495	-0.020040445	-0.034843199	-0.112155229	 0.129088774	-0.066390410	 0.024607683	 0.023719735	-0.049071655	 0.134484768	-0.009232823	-0.156830609	 0.038566839	-0.018147945	-0.027277233	 0.103178404	 0.101780795	-0.026807349	-0.005448707	-0.091846436	-0.035650600	-0.030924179	 0.001851964	 0.030199733	 1.000000000	 1.000000000	 2.000000000
0	GTEX-WZTO	 0.010500000	 0.000400000	-0.057600000	 0.013500000	-0.015200000	 0.041818272	-0.038053162	 0.035653424	-0.063705236	-0.020949559	-0.012462103	-0.048716772	 0.035044421	-0.001770989	-0.073068090	-0.044452224	-0.071995251	 0.041501101	 0.029959420	-0.039578710	 0.089029312	 0.010004643	-0.062515400	-0.034274310	 0.015197205	-0.069187008	 0.002568918	 0.009622838	-0.075097166	 0.038506586	-0.086367682	-0.045896780	-0.034938335	 0.030025775	-0.098028630	 1.000000000	 1.000000000	 1.000000000
0	GTEX-X261	 0.0147000000	-0.0058000000	-0.0024000000	 0.0083000000	 0.0307000000	-0.0197947957	 0.0437074304	-0.1009302586	 0.0007252384	 0.0613338016	 0.0426782966	 0.0588911697	-0.0655974150	 0.0075209457	 0.0282678679	 0.0213607140	 0.0659618899	-0.0064610178	-0.0683456808	-0.0621445663	 0.0244834721	-0.0310167056	-0.0369135998	 0.0597003885	-0.0143143432	-0.0478062853	 0.0823302716	 0.0146145755	 0.0245685820	 0.0266931131	-0.0031714456	-0.0208800603	 0.0780960470	-0.0391014367	 0.0084924512	 1.0000000000	 1.0000000000	 1.0000000000
0	GTEX-X4EP	 0.012800000	-0.006500000	 0.017300000	 0.023400000	 0.001000000	-0.040621500	-0.040750351	-0.105133310	 0.154013425	-0.069473408	 0.018308099	-0.122103348	 0.095941447	 0.006613752	-0.013091193	 0.056882836	-0.229836419	-0.017646963	-0.053076357	 0.072665036	-0.044670060	 0.003854877	 0.128183022	-0.027581263	-0.043619569	 0.107065968	 0.005808451	 0.227770522	-0.078011699	 0.183169946	-0.034496516	-0.150011659	 0.137853786	 0.073045693	-0.075142741	 1.000000000	 1.000000000	 2.000000000
0	GTEX-X4XX	 0.008900000	 0.002100000	-0.137500000	 0.005300000	-0.005700000	 0.031050213	-0.043526169	-0.150492132	-0.046895675	-0.008767345	-0.016206084	 0.045775704	-0.028140066	-0.150721848	-0.092499711	-0.071487315	 0.028192556	 0.040748395	-0.070006065	-0.007681075	-0.069416687	 0.009093057	-0.037926495	-0.024658905	 0.009583392	 0.012117376	 0.053100273	 0.042512368	 0.010148856	 0.057013992	-0.037475824	-0.107080400	 0.058554351	-0.025626613	-0.059803233	 1.000000000	 1.000000000	 1.000000000
0	GTEX-XLM4	 0.014900000	-0.006000000	 0.013000000	 0.016600000	 0.050400000	-0.030656273	 0.025418926	 0.003581588	 0.096876822	 0.010412997	 0.038845554	-0.013668603	-0.098801427	-0.017659113	 0.004828230	-0.005392694	-0.088206761	 0.031635571	-0.042201705	 0.019770890	 0.072186060	 0.047176331	-0.100666597	-0.031264670	 0.066834174	-0.086417347	 0.034500685	-0.029319027	-0.008280621	 0.013849041	-0.049395595	-0.155736253	 0.001082954	-0.084965140	 0.156308070	 0.000000000	 1.000000000	 1.000000000
0	GTEX-XMD1	 0.013500000	-0.003600000	-0.007100000	 0.004600000	 0.028000000	-0.052823365	-0.047760557	-0.183405057	 0.073339514	-0.006544204	-0.011565127	-0.101151519	-0.050854590	-0.054668181	 0.005371598	-0.013457418	-0.006620070	 0.022180721	-0.002485085	 0.050180424	 0.064611569	 0.003264327	 0.008673719	-0.024313968	 0.132335678	 0.081073537	-0.213488862	-0.119336247	-0.063359894	 0.071353771	 0.009595935	 0.029851802	-0.244415358	 0.064418994	 0.040069912	 1.000000000	 1.000000000	 1.000000000
0	GTEX-Y111	 0.014300000	-0.005500000	 0.008200000	-0.003500000	 0.017000000	 0.007215625	 0.110101998	-0.023937112	 0.005922337	 0.042208735	-0.015697021	-0.025883805	-0.007322315	 0.007672858	-0.084774904	 0.016637104	-0.067853510	 0.073100984	 0.051646553	 0.056277789	 0.077113777	-0.086527623	-0.078203589	 0.028070349	 0.039326400	-0.126694381	-0.093433231	-0.014297805	-0.166702181	 0.029712301	-0.196244106	-0.025278889	 0.031713121	 0.043599486	-0.184482902	 1.000000000	 1.000000000	 1.000000000
0	GTEX-Y8DK	 0.014800000	-0.007400000	 0.006000000	 0.005500000	 0.009600000	 0.005727243	-0.002751185	 0.031185871	-0.028197104	-0.021587370	-0.046542045	-0.011231587	 0.026626084	-0.056886576	 0.006568561	-0.047277089	 0.012979789	-0.001115659	-0.034274139	 0.065512709	 0.068022966	-0.022840193	 0.023684816	 0.020167682	 0.087386601	-0.079311304	-0.008045030	 0.059197482	-0.038530812	-0.018225063	-0.010221875	 0.034291171	 0.015557870	-0.089630090	-0.112289205	 1.000000000	 1.000000000	 1.000000000
0	GTEX-YFC4	 0.014700000	-0.008400000	 0.007800000	 0.010300000	 0.041700000	-0.063909076	 0.043806016	 0.007513610	 0.011540100	-0.011799272	-0.156373844	-0.043115646	 0.052386515	 0.016495220	-0.068388335	-0.038152955	-0.059223212	-0.056582283	-0.171914652	-0.029793316	 0.008894460	-0.024551565	 0.056912106	-0.001046172	-0.004577795	 0.005074598	 0.065711245	-0.024954144	-0.030802425	-0.035852872	 0.023325069	 0.076324165	-0.081711382	 0.015394268	 0.036060326	 1.000000000	 1.000000000	 2.000000000
0	GTEX-YJ89	 0.007200000	-0.001300000	-0.140600000	 0.007400000	-0.002500000	 0.022009134	 0.061122611	-0.014380647	 0.001678110	-0.031678438	-0.025600374	-0.029014077	-0.041624088	-0.055415176	 0.071575187	-0.059181485	-0.004412927	-0.042376604	-0.023918752	-0.023663916	 0.009153286	 0.035194963	-0.060915362	-0.041404154	-0.032755949	 0.073778339	-0.038409337	-0.031399198	-0.054493211	 0.070895016	 0.043107312	-0.017920936	 0.028198406	-0.004143299	-0.053922150	 1.000000000	 1.000000000	 1.000000000
0	GTEX-Z93S	 0.014600000	-0.007600000	 0.026300000	-0.003100000	-0.017100000	 0.061700195	 0.026422838	-0.020254774	-0.015479347	 0.015263817	 0.018061001	 0.014574228	-0.064143747	-0.010177666	-0.020441251	-0.035937216	-0.064346738	-0.046355311	 0.143687770	-0.052019686	-0.045748126	 0.048626058	-0.031723175	 0.002071786	-0.021487935	-0.081746332	-0.084233150	-0.131659791	-0.085902497	 0.029065616	-0.092827186	-0.003160075	 0.070408575	 0.144664273	-0.161171734	 1.000000000	 1.000000000	 1.000000000
0	GTEX-ZAB4	 0.0138000000	-0.0021000000	 0.0007000000	 0.0085000000	-0.0388000000	-0.0169566832	-0.0239686482	-0.0019827206	 0.0512519218	-0.0610408261	 0.0203261189	 0.0109755499	-0.0876972452	 0.0650368109	 0.0407320745	-0.0627661124	-0.0162028950	 0.0526721068	 0.1128108948	-0.0367121138	 0.0367405340	 0.0457203388	-0.0173863377	-0.0308598690	 0.0089877080	 0.0763843581	-0.0588978790	 0.0584436245	 0.0203393567	-0.0175731499	-0.0324772745	-0.0354653075	-0.0267640688	-0.0265272819	 0.0002389131	 1.0000000000	 1.0000000000	 1.0000000000
0	GTEX-ZAK1	 0.0159000000	-0.0030000000	 0.0053000000	 0.0026000000	 0.0265000000	 0.0063066841	 0.0773659870	 0.0035723732	 0.0436134078	 0.0492256247	 0.0194599684	 0.0073518748	-0.0325470977	-0.0311118476	 0.0073196036	 0.0106237745	-0.0182186626	-0.0075911595	-0.0025871980	-0.0422666594	 0.0044361046	 0.0359521247	-0.0024018968	 0.0098618958	 0.0282178875	-0.0000291968	 0.0130659528	 0.0260570161	-0.0058435928	-0.0452041067	 0.1162568182	 0.0991878957	-0.0762014687	-0.0435926132	-0.0362726972	 0.0000000000	 1.0000000000	 2.0000000000
0	GTEX-ZDXO	 0.014500000	-0.006800000	 0.008300000	 0.006200000	 0.025700000	 0.024208557	 0.059500471	 0.034080498	 0.046357781	 0.047291033	 0.025094729	 0.073699065	-0.049199183	-0.016308457	 0.011328291	-0.036041353	 0.013499812	-0.013319084	 0.036129478	-0.058253236	 0.066153549	 0.061167359	 0.038279422	-0.029372666	-0.022421684	-0.100182280	-0.004793423	 0.001174841	 0.007766956	 0.032813288	-0.117507026	 0.100843720	-0.021993961	 0.011634134	 0.060659960	 1.000000000	 1.000000000	 1.000000000
0	GTEX-ZF28	 0.015200000	-0.008000000	 0.023000000	-0.010300000	 0.014500000	-0.103440873	-0.073149949	-0.108367585	-0.076667808	 0.036910836	 0.006549454	 0.020596789	-0.026719887	-0.074759312	 0.027900741	-0.039554305	 0.019213852	 0.045441963	 0.064925589	-0.024586666	 0.096066035	-0.015718013	-0.012358961	 0.022604579	-0.008914400	-0.051998418	-0.085624799	 0.012286368	 0.020451739	 0.012708513	-0.149118245	 0.074046791	-0.098854423	 0.113629177	 0.079380721	 1.000000000	 1.000000000	 1.000000000
0	GTEX-ZUA1	 0.015400000	-0.006000000	 0.006800000	 0.002900000	 0.000800000	 0.062840320	 0.045236245	-0.005886936	 0.024156213	-0.015410160	 0.006842272	 0.022193462	 0.003109770	 0.036049955	-0.014912332	-0.060835142	-0.003232857	-0.061301131	-0.056671832	-0.026677730	 0.025996156	-0.023805441	 0.013478035	 0.051554065	-0.002658297	 0.036480315	 0.031931791	 0.003132443	-0.058660127	-0.036081560	 0.040494718	-0.003308004	-0.079754800	 0.047943432	 0.074428558	 1.000000000	 1.000000000	 1.000000000
0	GTEX-ZVT3	 0.013400000	-0.002800000	-0.023200000	-0.007700000	 0.007100000	-0.052985843	 0.012265621	 0.023264481	 0.019306606	 0.089921281	-0.054533064	-0.038003288	 0.009224992	-0.039453406	-0.019556839	-0.092340969	-0.020488733	 0.012516856	 0.012250769	-0.082590126	-0.084620386	-0.036513548	-0.148787960	-0.017400872	-0.012135522	 0.023117747	-0.056847852	 0.102421381	-0.082046613	 0.102463119	 0.060389422	 0.049075190	-0.032767564	-0.057263438	 0.010138784	 1.000000000	 1.000000000	 2.000000000
0	GTEX-ZYFD	 0.0134000000	-0.0047000000	-0.0111000000	-0.0098000000	 0.0208000000	-0.0045243781	 0.0066130920	-0.0822804943	-0.0175626241	-0.0192069449	 0.0023533364	-0.1142068580	 0.0616300069	 0.0628794804	 0.0550651550	 0.0463338345	 0.0541473329	 0.0541667789	 0.0765113905	-0.1369310617	-0.0129574146	 0.1046153530	-0.1461910605	 0.0575484894	-0.1089938506	 0.0203134846	 0.1960665584	-0.0493117012	-0.0200337637	 0.0410658531	-0.0352167897	 0.1874373555	-0.0009338754	 0.0518174656	-0.0067768265	 1.0000000000	 1.0000000000	 1.0000000000
0	GTEX-ZYY3	 0.0111000000	-0.0048000000	-0.0795000000	-0.0113000000	 0.0100000000	-0.0335832871	-0.0254115406	-0.0027663335	-0.0449907407	-0.0170033984	-0.0625879839	 0.0130220288	-0.0612148829	 0.0244570561	 0.0514014512	 0.0113543561	 0.0132589610	 0.0734630525	-0.0007837951	-0.0917282775	-0.0534070134	-0.0852813348	-0.0148774963	 0.0019523219	-0.0227869228	 0.0536367148	-0.0269090254	-0.0424316116	 0.0647264645	 0.0336501561	 0.0800066963	 0.0004973873	-0.0155075043	-0.0216081999	 0.0286616776	 1.0000000000	 1.0000000000	 2.0000000000
0	GTEX-ZZPT	 0.015800000	-0.004300000	 0.044600000	 0.027700000	-0.099500000	-0.003273621	-0.107892811	-0.095281057	-0.041050065	-0.088866711	 0.105113991	 0.055807289	-0.081303515	-0.120739326	-0.064660452	-0.172493726	 0.093580976	 0.066868924	-0.065708809	 0.017860116	-0.002441311	-0.033984773	-0.069191724	-0.031150693	 0.222135499	 0.134674832	-0.173556045	-0.157373384	-0.088267192	 0.017945880	-0.005388458	 0.052106977	 0.003950236	-0.004244650	-0.065515116	 1.000000000	 1.000000000	 1.000000000
